NOAA 15                 
1 25338U 98030A   19252.49732875  .00000022  00000-0  27905-4 0  9996
2 25338  98.7440 273.6015 0010501   8.8789 351.2574 14.25929899109056
NOAA 18                 
1 28654U 05018A   19252.37560786  .00000056  00000-0  55219-4 0  9997
2 28654  99.0886 300.5534 0013377 307.5171  52.4784 14.12450298737184
METOP-A                 
1 29499U 06044A   19251.96556140 -.00000018  00000-0  11257-4 0  9991
2 29499  98.5674 302.7871 0001278  68.6889 345.0566 14.21482536668572
NOAA 19                 
1 33591U 09005A   19252.50365723  .00000037  00000-0  45519-4 0  9993
2 33591  99.1855 245.6512 0014546 142.9100 217.3079 14.12375345545594
METOP-B                 
1 38771U 12049A   19252.15978983 -.00000018  00000-0  11652-4 0  9990
2 38771  98.6959 310.3079 0002159  89.5480 329.5887 14.21495880361912
SARAL                   
1 39086U 13009A   19252.45548436 -.00000015  00000-0  10487-4 0  9998
2 39086  98.5428  77.3585 0001594  52.9798 307.1531 14.32010371341648
METOP-C                 
1 43689U 18087A   19252.33608733 -.00000044  00000-0  00000+0 0  9994
2 43689  98.6966 310.8045 0003209  86.6219 273.5326 14.21493800 43516
