CUTE-1 (CO-55)          
1 27844U 03031E   20110.97017320  .00000059  00000-0  46321-4 0  9999
2 27844  98.6838 119.5838 0009070 219.3561 140.6959 14.22232345871780
CUBESAT XI-IV (CO-57)   
1 27848U 03031J   20111.47244915  .00000039  00000-0  37368-4 0  9990
2 27848  98.6906 120.6300 0008796 231.0522 128.9872 14.21819886871737
CUBESAT XI-V            
1 28895U 05043F   20111.03654719  .00000111  00000-0  30096-4 0  9999
2 28895  97.9997 249.0592 0018203 104.4297 255.8927 14.63758105772291
CUTE-1.7+APD II (CO-65) 
1 32785U 08021C   20111.04774325  .00000197  00000-0  26804-4 0  9994
2 32785  97.5707 101.6429 0012300 333.6026  26.4563 14.88450003649181
AAUSAT-II               
1 32788U 08021F   20110.68839891  .00000677  00000-0  66821-4 0  9992
2 32788  97.4926 117.7987 0010142 250.2501 109.7627 14.95009973650538
DELFI-C3 (DO-64)        
1 32789U 08021G   20111.65980863  .00001473  00000-0  10060-3 0  9995
2 32789  97.4246 156.4677 0013135 147.9379 212.2651 15.07608539653201
SEEDS II (CO-66)        
1 32791U 08021J   20110.94805434  .00000336  00000-0  39297-4 0  9990
2 32791  97.5398 107.6879 0011911 301.5157  58.4898 14.91017818649661
SWISSCUBE               
1 35932U 09051B   20111.09396846  .00000128  00000-0  39880-4 0  9990
2 35932  98.6090 291.5065 0006583 312.1783  47.8854 14.56378990561371
BEESAT-1                
1 35933U 09051C   20111.49158482  .00000108  00000-0  35283-4 0  9998
2 35933  98.6094 293.7741 0005025 328.5496  31.5399 14.56456695561545
ITUPSAT1                
1 35935U 09051E   20111.17744741  .00000080  00000-0  29525-4 0  9995
2 35935  98.6202 293.6579 0007313 324.8983  35.1731 14.55604485561190
TISAT 1                 
1 36799U 10035E   20110.99755560  .00000346  00000-0  40833-4 0  9998
2 36799  98.1895 279.0416 0012863 156.0504 204.1314 14.91321178530411
M-CUBED & EXP-1 PRIME   
1 37855U 11061F   20111.71822973  .00000917  00000-0  53282-4 0  9992
2 37855 101.7161 170.3762 0171203 246.2323 112.0854 15.06161424462989
AEROCUBE 4.5A           
1 38767U 12048K   20111.17564416  .00000188  00000-0  30335-4 0  9990
2 38767  64.6669  58.5348 0147401 156.3458 204.4525 14.92236053 33106
AEROCUBE 4.5B           
1 38768U 12048L   20111.06013326  .00000335  00000-0  39434-4 0  9991
2 38768  64.6687  28.4756 0136132 152.6827 208.1533 14.95882604 33140
STRAND-1                
1 39090U 13009E   20111.07220449  .00000046  00000-0  31009-4 0  9994
2 39090  98.4625 316.4542 0010367  97.2760 262.9605 14.35125989374315
SOMP                    
1 39134U 13015E   20111.18697584  .00001208  00000-0  62854-4 0  9993
2 39134  64.8616 106.9006 0035795 253.5108 106.2085 15.20924814386812
BEESAT-3                
1 39135U 13015F   20111.20591706  .00000581  00000-0  37814-4 0  9997
2 39135  64.8652 129.5227 0040945 257.2556 102.3992 15.18074742386378
BEESAT-2                
1 39136U 13015G   20110.57099396  .00000827  00000-0  50725-4 0  9994
2 39136  64.8655 136.3445 0029010 281.2725  78.5141 15.17451420386578
NEE-01 PEGASO           
1 39151U 13018B   20111.46698615  .00000144  00000-0  26005-4 0  9998
2 39151  97.9690 210.6959 0015637 289.6875  70.2650 14.80152208377109
ESTCUBE 1               
1 39161U 13021C   20111.78515889  .00000136  00000-0  29235-4 0  9998
2 39161  97.9641 195.9731 0010795  67.1432 293.0901 14.72303327373557
POPACS 1                
1 39268U 13055D   20111.10740401  .00004732  00000-0  12820-3 0  9996
2 39268  81.0046 357.8425 0619082  35.5763 328.5090 14.38952069339603
POPACS 2                
1 39269U 13055E   20110.82315833  .00001800  00000-0  50007-4 0  9995
2 39269  81.0176  34.7573 0679562 131.1811 235.0065 14.25213447338855
POPACS 3                
1 39270U 13055F   20110.57711780  .00001000  00000-0  30366-4 0  9998
2 39270  81.0178  55.8584 0710446 191.8177 166.5549 14.16729203337496
ZACUBE-1 (TSHEPISOSAT)  
1 39417U 13066B   20111.00082382  .00000194  00000-0  30499-4 0  9991
2 39417  97.5649 112.2782 0060387 109.0965 251.6801 14.81251661346385
WNISAT-1                
1 39423U 13066H   20111.27038161  .00000068  00000-0  22698-4 0  9995
2 39423  97.8011  36.7308 0176596  76.9370 285.1466 14.53107655339983
TRITON-1                
1 39427U 13066M   20110.85917851  .00000150  00000-0  32230-4 0  9999
2 39427  97.7201  75.0632 0112139 265.5149  93.3240 14.67980679343069
GOMX-1                  
1 39430U 13066Q   20111.80114194  .00000248  00000-0  53875-4 0  9994
2 39430  97.7855  53.8255 0151512   6.7685 353.5521 14.59378860341392
CUBEBUG-2 (LO-74)       
1 39440U 13066AA  20111.18861300  .00000186  00000-0  32767-4 0  9992
2 39440  97.6276  96.9234 0080379 168.3367 191.9730 14.75989366343988
NEE-02 KRYSAOR          
1 39441U 13066AB  20111.22891082  .00000119  00000-0  23966-4 0  9995
2 39441  97.6345  94.5145 0081699 176.8142 183.3606 14.75002148343826
FUNCUBE-1 (AO-73)       
1 39444U 13066AE  20110.89708219  .00000236  00000-0  35029-4 0  9992
2 39444  97.5597 114.3769 0059573 102.0933 258.6965 14.82098949344697
UWE-3                   
1 39446U 13066AG  20111.20933363  .00000190  00000-0  31615-4 0  9996
2 39446  97.5966 104.1368 0070940 138.8604 221.7987 14.78523572343968
AEROCUBE 5A             
1 39465U 13072D   20111.60796881  .00006238  00000-0  52577-3 0  9998
2 39465 120.4971 313.7272 0266210 184.4455 175.4213 14.76121387 32824
AEROCUBE 5B             
1 39466U 13072E   20111.11297414  .00004805  00000-0  35477-3 0  9991
2 39466 120.4922 345.5826 0237069 191.8939 167.6445 14.85667307 32904
BRITE-CA1 (TORONTO)     
1 40020U 14033L   20111.08060714  .00000046  00000-0  16420-4 0  9995
2 40020  97.7325 302.6315 0085937 258.8425 100.3110 14.66637309312206
DUCHIFAT-1              
1 40021U 14033M   20111.09062172  .00000438  00000-0  50254-4 0  9995
2 40021  97.9403  41.9796 0014109 116.4772 243.7894 14.90866044317190
NANOSATC-BR1            
1 40024U 14033Q   20111.28253124  .00000372  00000-0  44443-4 0  9998
2 40024  97.9260  38.7385 0013360 119.8145 240.4402 14.90041325317096
QB50P1                  
1 40025U 14033R   20111.33147125  .00000275  00000-0  35169-4 0  9995
2 40025  97.9144  35.6534 0013510 126.2967 233.9500 14.89109096316959
QB50P2                  
1 40032U 14033Y   20111.56397523  .00000214  00000-0  28935-4 0  9993
2 40032  97.9037  33.4788 0013027 122.4827 237.7651 14.88637217316893
PERSEUS-M2              
1 40037U 14033AD  20111.50876198  .00000057  00000-0  12640-4 0  9993
2 40037  97.8900  28.2900 0015299 137.9532 222.2861 14.86532392316552
PERSEUS-M1              
1 40039U 14033AF  20111.50354545  .00000050  00000-0  11922-4 0  9997
2 40039  97.8867  27.1178 0015187 135.9722 224.2706 14.86152222316477
POLYITAN-1              
1 40042U 14033AJ  20111.51921800  .00000291  00000-0  36993-4 0  9998
2 40042  97.9228  36.3312 0015866 117.3222 242.9612 14.88855181316882
TIGRISAT                
1 40043U 14033AK  20110.85186886  .00000119  00000-0  24812-4 0  9998
2 40043  97.7179 329.9160 0059654 186.7071 173.3347 14.74362314313417
AEROCUBE 6A             
1 40045U 14033AM  20111.02868111  .00000191  00000-0  34626-4 0  9992
2 40045  97.7429 335.2817 0057467 177.6311 182.5182 14.75549555313494
AEROCUBE 6B             
1 40046U 14033AN  20111.10578804  .00000226  00000-0  39626-4 0  9993
2 40046  97.7343 334.6928 0056898 176.5485 183.6129 14.75533510313883
UKUBE-1                 
1 40074U 14037F   20111.72720410  .00000263  00000-0  38630-4 0  9993
2 40074  98.4560 296.6274 0003767 320.8852  39.2084 14.84234918313193
BRITE-PL2 (HEWELIUSZ)   
1 40119U 14049B   20111.21761984  .00000093  00000-0  17538-4 0  9996
2 40119  97.8926 204.0193 0016129 301.9306  58.0339 14.84490832307144
FIREBIRD 4              
1 40378U 15003C   20111.05362185  .00001633  00000-0  66120-4 0  9998
2 40378  99.1011 159.3957 0125212 148.5971 212.2814 15.19861527288443
GRIFEX                  
1 40379U 15003D   20111.08114661  .00000992  00000-0  45604-4 0  9997
2 40379  99.1088 151.6801 0133510 172.3022 188.0299 15.16252580288002
EXOCUBE (CP10)          
1 40380U 15003E   20111.66694722  .00001148  00000-0  54427-4 0  9991
2 40380  99.1160 148.1971 0138214 184.4572 175.5435 15.14238000287814
AEROCUBE 8A             
1 40659U 15025J   20110.75734777  .00009270  00000-0  10560-3 0  9991
2 40659  55.0168 204.3591 0112042  24.5755 336.0563 15.55812572 34412
AEROCUBE 8B             
1 40660U 15025K   20110.55589849  .00009487  00000-0  10689-3 0  9991
2 40660  55.0140 203.3856 0111249  25.9141 334.7407 15.56140954 34397
TIANWANG 1C (TW-1C)     
1 40926U 15051B   20111.11215487  .00018614  00000-0  20077-3 0  9996
2 40926  97.0912 162.5699 0004446 317.1265 101.4913 15.63702243257907
TIANWANG 1A (TW-1A)     
1 40928U 15051D   20111.67386201  .00002624  00000-0  62704-4 0  9990
2 40928  97.1157 140.9064 0012062  44.5853  96.3734 15.42320477256469
EXACTVIEW 9             
1 40936U 15052G   20111.21428561  .00000781  00000-0  20134-4 0  9999
2 40936   6.0044  35.5588 0010411 162.4468 197.6020 14.76561580246606
AEROCUBE 5C             
1 40965U 15058B   20111.03433761  .00000075  00000-0  28844-4 0  9997
2 40965  64.7786 320.8416 0167976  95.7385 266.2897 14.74504505 32696
AEROCUBE 7              
1 40966U 15058C   20111.02644411  .00000121  00000-0  34161-4 0  9994
2 40966  64.7786 319.4282 0166858  95.4203 266.5961 14.74800844 32696
ATHENOXAT 1             
1 41168U 15077C   20111.27268496  .00001863  00000-0  62047-4 0  9990
2 41168  14.9875 128.2609 0011415  38.6426 321.4711 15.14269300240517
GALASSIA                
1 41170U 15077E   20110.41055932  .00001748  00000-0  55288-4 0  9998
2 41170  14.9878 126.6304 0012694  52.8303 307.3176 15.14569860240454
VELOX-II                
1 41171U 15077F   20111.44724803  .00001513  00000-0  48098-4 0  9994
2 41171  14.9900 161.6012 0008801 326.9333  33.0437 15.11630834240235
HORYU-4                 
1 41340U 16012D   20110.99781460  .00000425  00000-0  25420-4 0  9998
2 41340  31.0062 344.0437 0014087 288.0395  71.8706 15.01467199229089
E-ST@R-II               
1 41459U 16025D   20111.73778102  .00001238  00000-0  65837-4 0  9994
2 41459  98.0978 218.7473 0166524  46.4196 315.0707 15.06300269218750
AAUSAT 4                
1 41460U 16025E   20111.82917477  .00002000  00000-0  10103-3 0  9999
2 41460  98.0960 220.9705 0154947  35.5897 325.5533 15.08546800218959
BEESAT-4                
1 41619U 16040W   20111.11822006  .00001129  00000-0  49637-4 0  9993
2 41619  97.3250 172.0194 0011910  33.4610 326.7378 15.23864899200511
CANX-7                  
1 41788U 16059F   20111.82580007  .00007799  00000-0  10880-2 0  9995
2 41788  98.2533 198.2451 0033808 123.3145 237.1313 14.77585411191308
RAVAN                   
1 41849U 16067B   20110.58209149  .00001075  00000-0  94913-4 0  9991
2 41849  97.9269 219.4556 0010427  85.7426 274.4987 14.98509712187809
CELTEE 1                
1 41850U 16067C   20111.25872243  .00000216  00000-0  23963-4 0  9992
2 41850  97.9219 218.0418 0010513  83.3773 276.8645 14.97160793187799
OPTICUBE 04             
1 41851U 16067D   20111.24603839  .00000702  00000-0  66359-4 0  9991
2 41851  97.9204 217.6791 0010621  86.2913 273.9523 14.96908109187772
AEROCUBE 8D             
1 41852U 16067E   20110.79341867  .00000053  00000-0  99195-5 0  9995
2 41852  97.9215 217.0534 0011277  86.6364 273.6147 14.96883713187688
AEROCUBE 8C             
1 41853U 16067F   20111.22470495  .00000256  00000-0  27654-4 0  9990
2 41853  97.9201 217.4002 0011273  87.9256 272.3256 14.96841093187747
PROMETHEUS 2-1          
1 41854U 16067G   20111.20642225 -.00000164  00000-0 -88755-5 0  9991
2 41854  97.9217 217.6745 0011577  85.6658 274.5886 14.97147886187753
PROMETHEUS 2-3          
1 41855U 16067H   20111.20724904 -.00000143  00000-0 -71236-5 0  9990
2 41855  97.9219 217.7051 0011736  86.0335 274.2227 14.97157693187754
INS-1B                  
1 41954U 17008G   20111.13454808  .00001238  00000-0  52966-4 0  9993
2 41954  97.3590 176.5685 0010213 139.0808 221.1198 15.24641538176481
BGUSAT                  
1 41999U 17008BD  20111.16610374  .00002135  00000-0  82591-4 0  9991
2 41999  97.3697 180.4242 0009097 146.6671 213.5142 15.27269298176050
DIDO-2                  
1 42000U 17008BE  20111.67735487  .00000860  00000-0  37971-4 0  9999
2 42000  97.3598 177.6267 0009168 153.6321 206.5385 15.24387578175967
PEASSS                  
1 42015U 17008BV  20111.69726152  .00001198  00000-0  50129-4 0  9991
2 42015  97.3620 179.1318 0006980 153.9121 206.2471 15.25492404176547
AL-FARABI 1             
1 42016U 17008BW  20111.15959874  .00001468  00000-0  59366-4 0  9994
2 42016  97.3645 179.5533 0006858 154.6461 205.5116 15.26295364176632
NAYIF-1 (EO-88)         
1 42017U 17008BX  20111.13985778  .00001499  00000-0  60459-4 0  9994
2 42017  97.3640 179.5448 0006906 154.5122 205.6458 15.26335370176654
NSIGHT                  
1 42726U 98067MF  20111.59201871  .01101811  88105-3  67015-3 0  9999
2 42726  51.6186 153.8342 0007556   4.9083 355.2007 16.17672637166408
UCLSAT                  
1 42765U 17036A   20111.09431988  .00000939  00000-0  42336-4 0  9991
2 42765  97.3070 166.8872 0010055 225.2978 134.7441 15.23397159157693
LITUANICASAT-2          
1 42768U 17036D   20110.89371206  .00001620  00000-0  69955-4 0  9991
2 42768  97.3124 166.5778 0013721 216.5240 143.5062 15.23850014156922
AALTO-1                 
1 42775U 17036L   20111.12906191  .00000588  00000-0  28899-4 0  9997
2 42775  97.3048 164.9009 0012762 218.8534 141.1786 15.21756430156808
URSA MAIOR              
1 42776U 17036M   20111.12522135  .00000642  00000-0  31105-4 0  9995
2 42776  97.3060 165.1570 0012565 218.5545 141.4795 15.21929962156815
COMPASS 2               
1 42777U 17036N   20111.17381775  .00001522  00000-0  66141-4 0  9990
2 42777  97.3114 167.2894 0011273 215.6739 144.3746 15.23747735156924
DIAMOND RED             
1 42783U 17036U   20111.12851997  .00000742  00000-0  34719-4 0  9999
2 42783  97.3071 166.2476 0010709 227.6874 132.3456 15.22727380156876
PEGASUS                 
1 42784U 17036V   20111.17350628  .00001048  00000-0  47329-4 0  9991
2 42784  97.3075 166.6769 0010599 226.4126 133.6232 15.23093572156904
DIAMOND GREEN           
1 42785U 17036W   20111.12731469  .00000757  00000-0  35345-4 0  9994
2 42785  97.3074 166.2799 0010598 228.3817 131.6513 15.22726548156949
DIAMOND BLUE            
1 42786U 17036X   20111.12653134  .00000745  00000-0  34836-4 0  9998
2 42786  97.3073 166.2750 0010436 228.4966 131.5376 15.22727584156861
NUDTSAT                 
1 42787U 17036Y   20111.27941381  .00001699  00000-0  72234-4 0  9992
2 42787  97.3126 168.0436 0009453 228.4159 131.6266 15.24343545156832
SUCHAI                  
1 42788U 17036Z   20110.88998802  .00001056  00000-0  46967-4 0  9990
2 42788  97.3083 166.9361 0010168 225.4561 134.5847 15.23618169156965
SKCUBE                  
1 42789U 17036AA  20111.12722146  .00000948  00000-0  42613-4 0  9998
2 42789  97.3078 167.0372 0010057 224.7980 135.2446 15.23470603156915
VZLUSAT-1               
1 42790U 17036AB  20110.67717872  .00001567  00000-0  66865-4 0  9992
2 42790  97.3101 167.4525 0009605 223.8100 136.2377 15.24331309156890
ROBUSTA-1B              
1 42792U 17036AD  20111.67922616  .00001256  00000-0  55219-4 0  9995
2 42792  97.3079 167.8084 0009678 222.7244 137.3242 15.23660121157022
CICERO 6                
1 42793U 17036AE  20111.18233122  .00000818  00000-0  37619-4 0  9996
2 42793  97.3057 166.8045 0008885 227.3397 132.7092 15.23046412156992
D-SAT                   
1 42794U 17036AF  20111.67006715  .00000078  00000-0  12172-4 0  9992
2 42794  97.4999 147.1695 0125826 197.1802 162.5140 14.91251562154083
CORVUS BC2              
1 42846U 17042X   20110.82912697  .00000297  00000-0  34454-4 0  9998
2 42846  97.5312 357.0041 0011049 110.3851 249.8556 14.92085219150665
CORVUS BC1              
1 42847U 17042Y   20111.09702061  .00000316  00000-0  36188-4 0  9999
2 42847  97.5314 357.4191 0010708 108.8293 251.4089 14.92186440150704
MIRATA                  
1 43015U 17073C   20110.63584503  .00000598  00000-0  52337-4 0  9995
2 43015  97.7212  25.0856 0252179 240.3234 117.2658 14.79559379130523
MAKERSAT 0              
1 43016U 17073D   20111.18926118  .00000366  00000-0  34385-4 0  9995
2 43016  97.7247  25.8083 0254875 239.4192 118.1654 14.79151928130589
ASTERIA                 
1 43020U 98067NH  20110.63631805  .00886067  52600-3  55392-3 0  9993
2 43020  51.6416 172.0317 0005248  12.2511 347.8633 16.17260578138263
DELLINGR (RBLE)         
1 43021U 98067NJ  20111.51216249  .00015983  00000-0  13860-3 0  9992
2 43021  51.6360 215.6402 0000935 211.9753 148.1188 15.69304627137766
AEROCUBE 7B (OCSD B)    
1 43042U 17071F   20111.02828356  .00002768  00000-0  70606-4 0  9994
2 43042  51.6390 353.1728 0004445 182.9154 177.1807 15.43208150133350
AEROCUBE 7C (OCSD C)    
1 43043U 17071G   20111.09544956  .00002671  00000-0  68515-4 0  9992
2 43043  51.6388 352.8859 0004611 187.8642 172.2272 15.43183307133336
CHEFSAT                 
1 43044U 17071H   20111.64529320  .00009454  00000-0  18852-3 0  9996
2 43044  51.6387 337.3046 0004370 193.9630 166.1238 15.47581053133595
ASGARDIA 1              
1 43049U 17071N   20111.67364832  .00003685  00000-0  90738-4 0  9993
2 43049  51.6401 349.3133 0002105 197.5567 162.5346 15.43256338133423
ISARA                   
1 43050U 17071P   20111.65651004  .00006809  00000-0  14239-3 0  9995
2 43050  51.6372 339.5242 0002102 195.1978 164.8946 15.46695193133555
PROPCUBE 2 (FAUNA)      
1 43052U 17071R   20111.09365410  .00002564  00000-0  65083-4 0  9996
2 43052  51.6393 350.7087 0002137 190.7777 169.3164 15.43671033133352
CORVUS BC3              
1 43118U 18004H   20110.83328632  .00000602  00000-0  28401-4 0  9996
2 43118  97.4477 181.5747 0008705 256.0542 103.9727 15.23277780126071
MICROMAS-2A             
1 43131U 18004W   20111.19174271  .00001731  00000-0  72060-4 0  9993
2 43131  97.4519 183.4604 0007611 252.5581 107.4825 15.25090838126218
SPACEBEE-4              
1 43139U 18004AE  20111.07656716  .00001992  00000-0  79614-4 0  9998
2 43139  97.4552 184.3904 0006907 252.6846 107.3637 15.26291719126254
SPACEBEE-3              
1 43140U 18004AF  20110.79194642  .00002554  00000-0  98825-4 0  9993
2 43140  97.4567 184.7026 0006637 251.5061 108.5457 15.27119189126241
SPACEBEE-2              
1 43141U 18004AG  20111.50346437  .00003790  00000-0  14401-3 0  9995
2 43141  97.4579 185.6361 0006693 247.2599 112.7933 15.27410190126362
SPACEBEE-1              
1 43142U 18004AH  20110.96021428  .00002928  00000-0  11082-3 0  9999
2 43142  97.4584 185.3199 0006631 249.0424 111.0106 15.27728905126285
CICERO 7                
1 43143U 18004AJ  20111.12918957  .00001363  00000-0  57261-4 0  9993
2 43143  97.4500 183.5916 0005739 263.9191  96.1393 15.25151217126224
GOMX-4B                 
1 43196U 18015E   20111.31768834  .00000425  00000-0  20364-4 0  9993
2 43196  97.4269 240.3321 0017698 312.2006  47.7730 15.24207457123047
GOMX-4A                 
1 43197U 18015F   20111.68649793  .00000715  00000-0  32032-4 0  9993
2 43197  97.4260 240.7684 0017711 311.8967 161.7493 15.24421488123115
1KUNS-PF                
1 43466U 98067NP  20111.50093591  .00149200  19329-4  47076-3 0  9991
2 43466  51.6280 197.9619 0006302 342.5712  17.5077 15.91008933111250
UBAKUSAT                
1 43467U 98067NQ  20111.38955074  .00023984  00000-0  17856-3 0  9996
2 43467  51.6329 219.9726 0000367 286.4388  73.6570 15.72660355110968
CUBERRT                 
1 43546U 98067NU  20110.79109932  .00010759  00000-0  87401-4 0  9992
2 43546  51.6344 221.9977 0002934 231.9358 128.1375 15.71331794101014
TEMPEST-D               
1 43547U 98067NV  20111.45480359  .00006943  00000-0  84358-4 0  9990
2 43547  51.6363 244.5347 0004727 194.7768 165.3089 15.61845568100451
RAINCUBE                
1 43548U 98067NW  20111.51212427  .00033366  00000-0  25905-3 0  9998
2 43548  51.6333 226.7868 0003753 242.3857 117.6760 15.71464727101144
HALOSAT                 
1 43549U 98067NX  20111.36291030  .00025428  00000-0  20306-3 0  9999
2 43549  51.6360 228.1026 0003146 244.4753 115.5920 15.70948489100674
ENDUROSAT ONE           
1 43551U 98067NZ  20111.01507419  .00037966  00000-0  23612-3 0  9998
2 43551  51.6352 221.1918 0003930 267.5033  92.5517 15.76568455101145
EQUISAT                 
1 43552U 98067PA  20111.47954889  .00032468  00000-0  25129-3 0  9993
2 43552  51.6357 225.9209 0004374 249.0971 110.9559 15.71551584101089
AEROCUBE 12A            
1 43556U 18046C   20111.16353593  .00002082  00000-0  83827-4 0  9996
2 43556  51.6437  25.6028 0008871  86.9159 273.2836 15.29630587 98459
AEROCUBE 12B            
1 43557U 18046D   20111.08324273  .00001097  00000-0  50420-4 0  9999
2 43557  51.6440  26.5571 0008942  86.3035 273.8967 15.29373887 98383
UITMSAT-1               
1 43589U 98067PD  20111.01985672  .00026420  00000-0  18947-3 0  9998
2 43589  51.6322 227.1880 0004243 264.4135  95.6380 15.73474168 96761
MAYA-1                  
1 43590U 98067PE  20110.56824171  .00030683  00000-0  21937-3 0  9994
2 43590  51.6327 229.4315 0004257 261.6385  98.4131 15.73457934 96629
BHUTAN-1                
1 43591U 98067PF  20110.60902137  .00031543  00000-0  22441-3 0  9996
2 43591  51.6329 229.0107 0004454 262.3625  97.6868 15.73557015 96631
SIRIUSSAT-1             
1 43595U 98067PG  20111.40371101  .00026971  00000-0  20920-3 0  9999
2 43595  51.6330 229.0326 0001866 243.8631 116.2175 15.71612031 95888
SIRIUSSAT-2             
1 43596U 98067PH  20111.14363194  .00026138  00000-0  20403-3 0  9995
2 43596  51.6335 231.1149 0002169 231.5024 128.5780 15.71478815 95831
TANUSHA-3               
1 43597U 98067PJ  20110.87439537  .00046106  00000-0  25947-3 0  9995
2 43597  51.6298 223.1244 0002954 291.7344  68.3342 15.78731071 95919
SURFSAT                 
1 43614U 18070B   20111.66758173  .00002814  00000-0  73118-4 0  9991
2 43614  93.0212 130.7109 0014608 189.8890 170.2079 15.38915309 89591
CP7 (DAVE)              
1 43615U 18070C   20111.49872571  .00002583  00000-0  67403-4 0  9995
2 43615  93.0214 130.6348 0014760 190.1952 169.9005 15.38783599 89566
ELFIN-B                 
1 43616U 18070D   20111.13272326  .00003194  00000-0  80032-4 0  9991
2 43616  93.0178 130.4093 0015076 193.9317 166.1524 15.40006503 89547
ELFIN-A                 
1 43617U 18070E   20111.04262488  .00002979  00000-0  74309-4 0  9990
2 43617  93.0231 130.8354 0014554 190.3932 169.7024 15.40160657 89530
CUBEBEL-1 (BSUSAT-1)    
1 43666U 18083E   20111.90202755  .00000719  00000-0  38510-4 0  9998
2 43666  97.4943 138.9238 0014196 194.8255 287.2481 15.18148060 81883
DEBRISSAT-2             
1 43680U 98067PR  20111.53021484  .00196934  25399-4  61942-3 0  9992
2 43680  51.6309 211.7271 0007415 330.7761  29.2829 15.90949307104859
CICERO 10               
1 43690U 18088A   20111.50093552  .00000920  00000-0  40573-4 0  9995
2 43690  85.0344 116.5104 0015766 154.4858 205.7165 15.20145194 79932
IRVINE01                
1 43693U 18088D   20111.00602785  .00001935  00000-0  81104-4 0  9999
2 43693  85.0313 115.6996 0019444 140.1202 220.1473 15.22616245 79959
PROXIMA I               
1 43694U 18088E   20111.09888519  .00000909  00000-0  37953-4 0  9993
2 43694  85.0286 115.4531 0020944 133.1910 227.1087 15.21872519 79974
PROXIMA II              
1 43696U 18088G   20111.09719896  .00000903  00000-0  37669-4 0  9994
2 43696  85.0288 115.4572 0020990 133.1392 227.1609 15.21875182 79966
FACSAT-1                
1 43721U 18096C   20111.48482082  .00001308  00000-0  51904-4 0  9997
2 43721  97.4235 185.3684 0016703 332.4498  27.5853 15.27073528 77547
CENTAURI-2              
1 43722U 18096D   20111.46421938  .00001913  00000-0  73543-4 0  9994
2 43722  97.4245 185.5700 0016682 332.4699  27.5654 15.27551323 77542
INNOSAT-2               
1 43738U 18096V   20111.65235432  .00002721  00000-0  95552-4 0  9996
2 43738  97.4261 187.4902 0022633 338.4933  21.5355 15.30054018 77693
SIRION PATHFINDER-2     
1 43759U 18099B   20111.49234427  .00000363  00000-0  38161-4 0  9990
2 43759  97.7088 184.1304 0014808  23.2075 336.9811 14.95255424 75262
CORVUS-BC 4             
1 43767U 18099K   20111.14427594  .00000560  00000-0  56819-4 0  9999
2 43767  97.7069 183.2621 0012379  29.1683 331.0226 14.94697521 75198
MOVE-II                 
1 43780U 18099Y   20111.10819729  .00000020  00000-0  69969-5 0  9997
2 43780  97.7092 183.6685 0014301  35.5367 324.6803 14.95343920 75191
SPACEBEE-7              
1 43816U 18099BL  20111.46052329  .00000273  00000-0  29697-4 0  9994
2 43816  97.7102 184.3708 0013636  19.2645 340.9088 14.95644286 74829
SPACEBEE-5              
1 43817U 18099BM  20111.16896385  .00000804  00000-0  76352-4 0  9990
2 43817  97.7155 184.4413 0013435  21.7683 338.4106 14.96196383 74799
SPACEBEE-6              
1 43818U 18099BN  20111.43105020  .00000591  00000-0  58021-4 0  9996
2 43818  97.7121 184.4537 0013677  20.2028 339.9731 14.95821265 74978
SHIELDS 1               
1 43850U 18104B   20111.51801491  .00000041  00000-0  00000+0 0  9992
2 43850  85.0316 213.6344 0012740 287.1330  72.8520 15.21338539 74663
STF-1                   
1 43852U 18104D   20111.59183620  .00000041  00000-0  00000+0 0  9999
2 43852  85.0350 214.0859 0012922 303.5654  56.4427 15.21172373 74658
ZACUBE-2                
1 43907U 18111AH  20111.56246949  .00000588  00000-0  26612-4 0  9997
2 43907  97.2707  13.0547 0021332 352.9756   7.1180 15.24530663 73197
LUME 1                  
1 43908U 18111AJ  20111.17467912  .00000997  00000-0  42662-4 0  9997
2 43908  97.2707  12.8117 0021175 354.1437   5.9550 15.24928208 73141
AOBA VELOX-IV           
1 43940U 19003J   20111.72047948  .00002078  00000-0  85823-4 0  9996
2 43940  97.2341 164.9658 0025764  69.1571  48.9363 15.24809222 69856
CATSAT-2                
1 44029U 98067PV  20111.56730774  .00020566  00000-0  22292-3 0  9992
2 44029  51.6382 249.0876 0003935 229.4525 130.6128 15.63505280 69462
DELPHINI                
1 44030U 98067PW  20110.78723019  .00018044  00000-0  19064-3 0  9992
2 44030  51.6341 252.0414 0003906 227.1705 132.8962 15.64259467 69323
UNITE                   
1 44031U 98067PX  20111.68562194  .00011879  00000-0  14839-3 0  9992
2 44031  51.6372 252.8426 0002918 217.1848 142.8944 15.60312390 69397
TECHEDSAT 8             
1 44032U 98067PY  20111.15468422  .13183452  12516-4  85307-3 0  9992
2 44032  51.6106 221.1146 0008143 314.7236  45.3127 16.40796465 69749
CATSAT-1                
1 44033U 98067PZ  20110.60837809  .00016398  00000-0  17919-3 0  9996
2 44033  51.6383 253.9389 0003761 223.1495 136.9206 15.63477634 69226
RAAVANA-1               
1 44329U 98067QE  20111.44272127  .00010067  00000-0  14419-3 0  9992
2 44329  51.6384 264.7640 0006184 146.3218 213.8167 15.56832584 47965
UGUISU                  
1 44330U 98067QF  20110.68209975  .00009339  00000-0  13470-3 0  9996
2 44330  51.6381 268.6809 0006228 142.1147 218.0284 15.56745508 47829
NEPALISAT-1             
1 44331U 98067QG  20111.62874381  .00013665  00000-0  19294-3 0  9998
2 44331  51.6382 263.7555 0006199 148.3112 211.8254 15.56869038 47982
SPOOQY-1                
1 44332U 98067QH  20111.50064398  .00012919  00000-0  18333-3 0  9999
2 44332  51.6384 264.3970 0005174 149.8678 210.2612 15.56794312 47925
SPACEBEE-9              
1 44370U 19037F   20111.27494096  .00008120  00000-0  18991-3 0  9996
2 44370  45.0134  80.8538 0012499 208.6292 151.3910 15.42624925 45619
SPACEBEE-8              
1 44371U 19037G   20111.29803023  .00015285  00000-0  31198-3 0  9997
2 44371  45.0137  76.8129 0010104 211.1783 148.8508 15.46058152 45654
IOD-1 GEMS              
1 44385U 98067QK  20110.73063458  .00013714  00000-0  18231-3 0  9998
2 44385  51.6397 267.5462 0002365 107.3109 252.8142 15.58501514 45330
MOVE-IIB                
1 44398U 19038N   20111.25863138  .00001164  00000-0  70795-4 0  9994
2 44398  97.5309  73.2560 0024543 331.8118  28.1782 15.12203948 43784
SONATE                  
1 44400U 19038Q   20111.14774454  .00000446  00000-0  29723-4 0  9995
2 44400  97.5341  73.1653 0024468 330.2324  29.7513 15.11901902 43765
LUCKY-7                 
1 44406U 19038W   20111.17340970  .00000709  00000-0  44712-4 0  9993
2 44406  97.5336  73.2750 0023873 330.1089  29.8777 15.12153274 43765
BEESAT 9                
1 44412U 19038AC  20111.10851397  .00000943  00000-0  58139-4 0  9991
2 44412  97.5329  73.1923 0022149 336.7362  23.2864 15.12208828 43453
JAISAT-1                
1 44419U 19038F   20111.14742443  .00000869  00000-0  53173-4 0  9993
2 44419  97.5331  73.4509 0020991 335.9869  24.0381 15.12691765 43787
SWIATOWID               
1 44426U 98067QL  20111.82476554  .00019158  00000-0  24619-3 0  9995
2 44426  51.6408 261.7856 0002703 110.5402  34.3466 15.59115134 45512
KRAKSAT                 
1 44427U 98067QM  20110.74476822  .00007176  00000-0  11130-3 0  9995
2 44427  51.6400 270.6330 0003679  99.0988 261.0419 15.55171417 45344
VCC A                   
1 44428U 98067QN  20110.83471653  .00008821  00000-0  13003-3 0  9992
2 44428  51.6400 268.9877 0002844 121.2139 238.9131 15.56239150 45377
ENTRYSAT                
1 44429U 98067QP  20111.15842221  .00011123  00000-0  15758-3 0  9990
2 44429  51.6386 266.6325 0002471 114.7357 245.3892 15.57014515 45439
VCC C                   
1 44430U 98067QQ  20111.42737027  .00018898  00000-0  25409-3 0  9999
2 44430  51.6384 264.6891 0002325 129.2513 230.8686 15.57917947 44304
VCC B                   
1 44431U 98067QR  20111.15677579  .00008974  00000-0  13201-3 0  9996
2 44431  51.6392 267.3795 0002973 120.8839 239.2445 15.56271506 45360
ATL-1                   
1 44830U 19084G   20111.67265530  .00061248  00000-0  43187-3 0  9997
2 44830  96.9843 340.4668 0033042  99.3089 261.1915 15.73119023 21359
SMOG-P                  
1 44832U 19084J   20111.57919700  .00059791  00000-0  40992-3 0  9994
2 44832  96.9853 340.4534 0032060  98.4982 261.9919 15.73820183 21342
DUCHIFAT-3              
1 44854U 19089C   20111.27827503  .00000400  00000-0  38782-4 0  9997
2 44854  36.9669  82.1441 0009323 310.8574  49.1353 14.99026504 19567
ORBITAL FACTORY 2 (OF-2)
1 45113U 19071C   20111.73603748  .00002578  00000-0  90738-4 0  9998
2 45113  51.6428 282.3218 0012903 207.2572 152.7734 15.33139638 12271
