BEIJING 1               
1 28890U 05043A   20118.15012470 -.00000023  00000-0  45216-5 0  9990
2 28890  98.0220 248.4513 0016625 103.5409 256.7654 14.61287126773021
HJ-1A                   
1 33320U 08041A   20118.18939985  .00000101  00000-0  21353-4 0  9998
2 33320  97.7926 171.9158 0025642 236.4899 123.3873 14.77060172627035
HJ-1B                   
1 33321U 08041B   20118.19056598  .00000126  00000-0  24896-4 0  9992
2 33321  97.7998 174.1515 0033334 264.9261  94.8156 14.77220874627036
YAOGAN 4                
1 33446U 08061A   20118.39967485  .00000050  00000-0  14005-4 0  9997
2 33446  97.7220  76.1359 0017030 141.6814 218.5611 14.77022585614293
DEIMOS-1                
1 35681U 09041A   20118.16479004  .00000109  00000-0  24961-4 0  9996
2 35681  97.8184 353.7054 0001329 155.1755 204.9517 14.71831046576846
UK-DMC 2                
1 35683U 09041C   20118.50808050  .00000039  00000-0  13685-4 0  9996
2 35683  97.7042 323.8061 0001074  88.5583 271.5752 14.71142730576689
RISAT 1                 
1 38248U 12017A   20118.29249449  .00000455  00000-0  31866-4 0  9993
2 38248  97.5679 128.1436 0005744  69.1377 291.0467 15.10051701440916
DMC3-FM1                
1 40715U 15032A   20118.05584522  .00000025  00000-0  11391-4 0  9997
2 40715  97.9392  12.8330 0016684  33.1239 327.1017 14.73686008258088
DMC3-FM2                
1 40716U 15032B   20118.01008466  .00000026  00000-0  11526-4 0  9993
2 40716  97.9419  13.1285 0014061  42.4825 317.7470 14.73691421258086
DMC3-FM3                
1 40717U 15032C   20118.44028237  .00000014  00000-0  97472-5 0  9991
2 40717  97.9426  14.2640 0017588  33.2449 326.9850 14.73697390258141
