STARLETTE               
1 07646U 75010A   20121.00072613 -.00000124  00000-0  13140-4 0  9992
2 07646  49.8247 302.7084 0205747 226.0891 132.2856 13.82307444284788
LAGEOS 1                
1 08820U 76039A   20121.01519343  .00000034  00000-0  00000-0 0  9992
2 08820 109.8248 132.3624 0044271  60.7344  26.2761  6.38664657770453
AJISAI (EGS)            
1 16908U 86061A   20121.80732799 -.00000099  00000-0 -11866-4 0  9992
2 16908  50.0080 190.1925 0011381 242.5988 237.3821 12.44491862202010
COSMOS 1989 (ETALON 1)  
1 19751U 89001C   20121.13062060  .00000084  00000-0  00000+0 0  9996
2 19751  64.1810 149.1247 0022630 211.0591 228.3965  2.13156330243711
COSMOS 2024 (ETALON 2)  
1 20026U 89039C   20121.72117859 -.00000060  00000-0  00000+0 0  9991
2 20026  65.4729  26.7548 0018105 221.3690  91.4095  2.13204272240776
LAGEOS 2                
1 22195U 92070B   20121.23780512 -.00000009  00000-0  00000-0 0  9991
2 22195  52.6481 241.6412 0137948 288.0546  53.5928  6.47293945650688
STELLA                  
1 22824U 93061B   20121.23669250 -.00000029  00000-0  71455-5 0  9995
2 22824  98.9597 110.8694 0005443 243.0917 129.7257 14.27380354385363
LARES                   
1 38077U 12006A   20121.53389616 -.00000013  00000-0  15459-3 0  9993
2 38077  69.4914 156.0634 0009207 338.9432  21.1213 12.54931478376308
