GOES 1 (SMS-C) [-]      
1 08366U 75100A   20073.56390881 -.00000244  00000-0  00000-0 0  9999
2 08366  10.1654 306.1951 0004179 357.0424 349.5571  1.00258305162134
GOES 2 [-]              
1 10061U 77048A   20073.53695291 -.00000334  00000-0  00000-0 0  9997
2 10061  11.5993 316.1951 0017273   0.5132 191.7554  0.99401381 23546
GOES 3 [-]              
1 10953U 78062A   20073.59910402 -.00000243  00000-0  00000-0 0  9993
2 10953  11.8448 320.1596 0004850  26.1390 153.6896  0.99359970105814
GOES 4 [-]              
1 11964U 80074A   20073.33510862  .00000018  00000-0  00000-0 0  9999
2 11964  12.7249 323.9189 0036509  42.7978 136.1226  0.99230334104743
GOES 5 [-]              
1 12472U 81049A   20073.13621076 -.00000302  00000-0  00000+0 0  9991
2 12472  13.2549 334.5858 0004253 353.1184 185.9963  1.00269956100030
GOES 6 [-]              
1 14050U 83041A   20071.19627882 -.00000276  00000-0  00000-0 0  9995
2 14050  13.6577 339.6653 0003516  30.7186 154.5585  1.00266089193060
GOES 7 [-]              
1 17561U 87022A   20073.27631162 -.00000200  00000-0  00000-0 0  9992
2 17561  14.8428 355.8264 0008822   2.0602 189.4114  0.99893184104118
GOES 8 [-]              
1 23051U 94022A   20073.81669934 -.00000139  00000-0  00000-0 0  9990
2 23051  12.4530  30.3007 0009240 321.8712 220.2760  0.98904087101512
GOES 9 [-]              
1 23581U 95025A   20073.71665891 -.00000247  00000-0  00000-0 0  9999
2 23581  11.9410  30.2299 0004868  11.7030 352.6900  0.98801728 90175
GOES 10 [-]             
1 24786U 97019A   20073.81826957 -.00000217  00000-0  00000-0 0  9992
2 24786  10.4938  35.8108 0024311 191.5037 353.4584  0.99122729 83404
GOES 11 [-]             
1 26352U 00022A   20073.62410160  .00000035  00000-0  00000-0 0  9992
2 26352   6.9699  65.6580 0004164 251.1386 301.1855  0.99041734 29821
GOES 12 [-]             
1 26871U 01031A   20073.62244411  .00000016  00000-0  00000-0 0  9992
2 26871   8.0700  53.3592 0009828 276.5670 278.3824  0.99137584 68091
GOES 13 [B]             
1 29155U 06018A   20073.87950966  .00000020  00000-0  00000-0 0  9991
2 29155   0.3753 273.8348 0004880 318.7037 317.2559  1.00270525 20439
GOES 14 [S]             
1 35491U 09033A   20073.84285292 -.00000113  00000-0  00000-0 0  9995
2 35491   0.0962 101.4405 0008785 132.0589 137.7101  1.00271459 39193
GOES 15 [+]             
1 36411U 10008A   20073.85882755  .00000036  00000-0  00000-0 0  9993
2 36411   0.3428 276.7767 0002343 134.9025 301.0698  1.00275811 36755
GOES 16 [+]             
1 41866U 16071A   20073.85229160 -.00000267  00000-0  00000-0 0  9991
2 41866   0.0411  39.5272 0001046   3.9112   0.1109  1.00271240 12188
GOES-S [+]              
1 43226U 18022A   20073.76802169  .00000078  00000-0  00000+0 0  9995
2 43226   0.0328  17.1245 0001387 353.5125 300.4623  1.00271115  7503
