INTELSAT 26 (IS-26)     
1 24732U 97007A   20110.92057917  .00000002  00000-0  00000+0 0  9996
2 24732   8.9608  43.3257 0007741   6.1014 194.0681  1.00272822 84720
GALAXY 25 (G-25)        
1 24812U 97026A   20111.17271567  .00000149  00000-0  00000-0 0  9996
2 24812   1.7870  90.8579 0002677 302.7195 270.1908  1.00273740 83821
INTELSAT 5 (IS-5)       
1 24916U 97046A   20111.02395372  .00000087  00000-0  00000-0 0  9999
2 24916   5.5931  65.8739 0003369 345.1565  29.1444  1.00272044 83077
INTELSAT 805 (IS-805)   
1 25371U 98037A   20111.24182056  .00000096  00000-0  00000-0 0  9993
2 25371   2.3200  88.1770 0007826 100.7977 336.9938  0.99474452 79991
GALAXY 11 (G-11)        
1 26038U 99071A   20110.84424319 -.00000170  00000-0  00000-0 0  9993
2 26038   1.0670  97.1541 0000458 205.1650 116.9098  1.00272181 74522
INTELSAT 9 (IS-9)       
1 26451U 00043A   20111.22063434 -.00000290  00000-0  00000+0 0  9995
2 26451   5.5827  66.0786 0002496 321.6488 210.4733  1.00273809 72293
INTELSAT 12 (IS-12)     
1 26590U 00068A   20111.01716101  .00000008  00000-0  00000+0 0  9995
2 26590   2.7968  86.6763 0005147 332.8428 219.4388  1.00271456 71244
INTELSAT 1R (IS-1R)     
1 26608U 00072A   20110.81924312 -.00000145  00000-0  00000-0 0  9996
2 26608   2.6012  86.4993 0000242  13.5715 200.3208  1.00271572 18766
INTELSAT 10 (IS-10)     
1 26766U 01019A   20111.49166913  .00000121  00000-0  00000+0 0  9995
2 26766   3.7619  79.3381 0002166 328.2292  25.9434  1.00271604 69383
INTELSAT 901 (IS-901)   
1 26824U 01024A   20110.99285667 -.00000210  00000-0  00000-0 0  9999
2 26824   0.0657  57.3637 0001411  86.6420  34.4602  1.00270997   493
INTELSAT 902 (IS-902)   
1 26900U 01039A   20111.20658816 -.00000290  00000-0  00000+0 0  9992
2 26900   0.4812  97.1387 0007890 244.8787 250.1575  1.00300087 68214
DIRECTV 4S              
1 26985U 01052A   20110.95813458  .00000033  00000-0  00000-0 0  9991
2 26985   0.5671  95.2085 0005799 308.3254 182.7387  0.99263987 28745
INTELSAT 904 (IS-904)   
1 27380U 02007A   20111.15854578 -.00000220  00000-0  00000-0 0  9992
2 27380   1.3215  93.8163 0002651 302.5195 199.9123  1.00270158 29215
INTELSAT 903 (IS-903)   
1 27403U 02016A   20111.33237639 -.00000229  00000-0  00000+0 0  9999
2 27403   2.1515  89.1415 0002250 331.4100 236.4977  1.00275308 66096
DIRECTV 5 (TEMPO 1)     
1 27426U 02023A   20110.95774167 -.00000064  00000-0  00000-0 0  9999
2 27426   0.0174 222.7279 0003354 171.2198  49.2259  1.00271157 65770
INTELSAT 905 (IS-905)   
1 27438U 02027A   20111.14355039 -.00000191  00000-0  00000-0 0  9992
2 27438   1.1416  94.7391 0002625 295.7245 205.4133  1.00271803 28821
GALAXY 3C (G-3C)        
1 27445U 02030A   20111.03299865 -.00000159  00000-0  00000-0 0  9990
2 27445   0.0168 286.5226 0001720  40.7260 158.1461  1.00271454 23958
INTELSAT 906 (IS-906)   
1 27513U 02041A   20111.06430053  .00000007  00000-0  00000-0 0  9998
2 27513   0.1459 102.4779 0002482 306.8302 246.5746  1.00271016 64470
INTELSAT 907 (IS-907)   
1 27683U 03007A   20110.99285667 -.00000210  00000-0  00000-0 0  9996
2 27683   0.0922  87.6803 0002610 318.1637 132.6182  1.00274162 62881
GALAXY 12 (G-12)        
1 27715U 03013B   20111.16540090  .00000052  00000-0  00000-0 0  9996
2 27715   1.3577  93.0224 0001979 311.5598  94.6680  1.00272910 29595
GALAXY 23 (G-23)        
1 27854U 03034A   20110.95556076  .00000005  00000-0  00000-0 0  9998
2 27854   0.0144 232.8557 0003058 162.9182  35.7404  1.00272109 61185
GALAXY 13 (HORIZONS 1)  
1 27954U 03044A   20111.24307660  .00000041  00000-0  00000-0 0  9996
2 27954   0.0288 113.2316 0001862  71.3687 344.6640  1.00269387 24035
DIRECTV 7S              
1 28238U 04016A   20110.95599694 -.00000007  00000-0  00000-0 0  9992
2 28238   0.0162 229.8948 0003002 169.7535  33.9451  1.00270732 58502
INTELSAT 10-02          
1 28358U 04022A   20111.12309751 -.00000019  00000-0  00000-0 0  9998
2 28358   0.0202 220.3192 0002759 189.6600 202.0175  1.00270266 58109
XM-3 (RHYTHM)           
1 28626U 05008A   20111.26503406 -.00000213  00000-0  00000+0 0  9994
2 28626   0.0391  64.7211 0000413  79.4789  74.9159  1.00269139 55514
SPACEWAY 1              
1 28644U 05015A   20111.71548038 -.00000008  00000-0  00000+0 0  9994
2 28644   0.9770  94.0348 0002847 353.8362 108.8955  0.98488767 54954
DIRECTV 8               
1 28659U 05019A   20111.05396681 -.00000124  00000-0  00000-0 0  9996
2 28659   0.0404  81.5799 0002819 305.0651 100.6326  1.00272745 54633
GALAXY 28 (G-28)        
1 28702U 05022A   20111.18719771 -.00000192  00000-0  00000-0 0  9997
2 28702   0.0143 152.4082 0002400 231.9147 162.7906  1.00271059 29562
GALAXY 14 (G-14)        
1 28790U 05030A   20111.24370589  .00000030  00000-0  00000-0 0  9990
2 28790   0.0131 103.4874 0002340 288.1133 139.9321  1.00268194 53765
GALAXY 15 (G-15)        
1 28884U 05041A   20111.56252868  .00000073  00000-0  00000+0 0  9996
2 28884   0.0177 146.8474 0001863 243.8489 247.9001  1.00273611 53076
SPACEWAY 2              
1 28903U 05046B   20111.74165116  .00000098  00000-0  00000+0 0  9999
2 28903   0.0802  78.6747 0000585  13.2814 245.3905  1.00273875 52941
GALAXY 16 (G-16)        
1 29236U 06023A   20111.05396681 -.00000134  00000-0  00000+0 0  9994
2 29236   0.0204 223.0186 0003413 197.1368  68.8633  1.00265057 50711
DIRECTV 9S              
1 29494U 06043A   20111.49151681 -.00000121  00000-0  00000+0 0  9995
2 29494   0.0147 220.6388 0002957 175.6167 248.5078  1.00278211 49556
XM-4 (BLUES)            
1 29520U 06049A   20111.57452206 -.00000029  00000-0  00000+0 0  9994
2 29520   0.0226  96.4285 0000062 156.4254  47.8011  1.00272729 49441
GALAXY 17 (G-17)        
1 31307U 07016B   20111.18573426 -.00000182  00000-0  00000-0 0  9991
2 31307   0.0173  44.2725 0003432   0.3149 140.0133  1.00272425 47400
DIRECTV 10              
1 31862U 07032A   20111.58314944 -.00000110  00000-0  00000+0 0  9997
2 31862   0.0411  74.0087 0000190 122.3760 119.9309  1.00271772 46857
SPACEWAY 3              
1 32018U 07036A   20111.60682053 -.00000158  00000-0  00000+0 0  9999
2 32018   0.0403  75.1346 0000111 321.6525 295.8597  1.00272512 46573
INTELSAT 11 (IS-11)     
1 32253U 07044B   20111.22477184 -.00000276  00000-0  00000+0 0  9995
2 32253   0.0210 249.7146 0001944 177.5761 179.4123  1.00271187 45974
HORIZONS 2              
1 32388U 07063B   20110.99664887 -.00000190  00000-0  00000+0 0  9991
2 32388   0.0171 232.3306 0002830 159.1465 260.7072  1.00269157 45327
DIRECTV 11              
1 32729U 08013A   20111.58510904 -.00000132  00000-0  00000+0 0  9998
2 32729   0.0056  96.0402 0000061 100.1785 124.3636  1.00269968 44381
GALAXY 18 (G-18)        
1 32951U 08024A   20111.48785806  .00000019  00000-0  00000+0 0  9994
2 32951   0.0179 223.7965 0002989 178.9188 218.9214  1.00271128 43537
INTELSAT 25 (IS-25)     
1 33153U 08034A   20111.40417153 -.00000231  00000-0  00000+0 0  9996
2 33153   0.0098 216.6067 0001775 122.7456 343.5908  1.00272183 43080
GALAXY 19 (G-19)        
1 33376U 08045A   20111.25929448 -.00000147  00000-0  00000+0 0  9999
2 33376   0.0210 246.9664 0002916 146.2845 171.8946  1.00272466 42282
SIRIUS FM-5             
1 35493U 09034A   20111.39317979 -.00000207  00000-0  00000+0 0  9992
2 35493   0.0231 284.7873 0000787  98.6577 240.8909  1.00270373 39428
INTELSAT 14 (IS-14)     
1 36097U 09064A   20111.47300066 -.00000280  00000-0  00000+0 0  9995
2 36097   0.0107 248.3012 0002422 149.9969 296.0031  1.00272303 38158
INTELSAT 15 (IS-15)     
1 36106U 09067A   20110.94146826 -.00000194  00000-0  00000-0 0  9997
2 36106   0.0296  96.8608 0002284 307.2779 228.4361  1.00273010 18754
DIRECTV 12              
1 36131U 09075A   20111.17910240 -.00000110  00000-0  00000-0 0  9997
2 36131   0.0122 218.0853 0000137  35.1256 277.2013  1.00269592 24047
INTELSAT 16 (IS-16)     
1 36397U 10006A   20110.82095576 -.00000253  00000-0  00000-0 0  9992
2 36397   0.0379  77.2447 0002046 332.0188  18.4551  1.00273007 37180
XM-5                    
1 37185U 10053A   20111.59548795 -.00000211  00000-0  00000+0 0  9994
2 37185   0.0231 240.9710 0002032 160.0047 297.3255  1.00270164 34898
INTELSAT 17 (IS-17)     
1 37238U 10065B   20111.15604963 -.00000009  00000-0  00000-0 0  9994
2 37238   0.0203 238.8202 0002735 149.8773 302.1653  1.00270462 30882
INTELSAT NEW DAWN       
1 37392U 11016A   20110.91447265  .00000147  00000-0  00000-0 0  9997
2 37392   0.0151 188.0564 0000498 187.0547 195.3628  1.00273912 30752
INTELSAT 18 (IS-18)     
1 37834U 11056A   20111.15921317  .00000045  00000-0  00000+0 0  9990
2 37834   0.0165 215.7020 0003616 203.9982  26.3138  1.00271428 31300
INTELSAT 22 (IS-22)     
1 38098U 12011A   20111.64014465 -.00000065  00000-0  00000+0 0  9999
2 38098   0.0172 262.8126 0002402 134.7429 114.1713  1.00271340 29507
INTELSAT 19 (IS-19)     
1 38356U 12030A   20111.51743637 -.00000063  00000-0  00000+0 0  9991
2 38356   0.0138 265.4240 0003166 139.9250 155.9814  1.00273595 28967
INTELSAT 20 (IS-20)     
1 38740U 12043A   20111.15604963 -.00000032  00000-0  00000+0 0  9996
2 38740   0.0134 173.0448 0001631  15.9691 144.3602  1.00270692 28277
INTELSAT 21 (IS-21)     
1 38749U 12045A   20110.82757821 -.00000293  00000-0  00000-0 0  9992
2 38749   0.0056 120.4882 0002055 278.5969  49.2186  1.00272427 27988
INTELSAT 23 (IS-23)     
1 38867U 12057A   20111.46527727 -.00000291  00000-0  00000+0 0  9994
2 38867   0.0131 256.0196 0001549 134.6302 292.8700  1.00270892 27552
SIRIUS FM-6             
1 39360U 13058A   20111.02831550 -.00000025  00000-0  00000-0 0  9995
2 39360   0.0227 272.4267 0001007 341.4722 208.7147  1.00271134 23615
INTELSAT 30 (IS-30)     
1 40271U 14062A   20110.58481505 -.00000160  00000-0  00000-0 0  9995
2 40271   0.0181 253.3579 0001524 246.4489 183.8072  1.00272040 20208
INTELSAT 34 (IS-34)     
1 40874U 15039A   20111.39937354 -.00000292  00000-0  00000+0 0  9992
2 40874   0.0224 241.5991 0000757  13.4938  42.1319  1.00269347 17124
INTELSAT 31 (IS-31)     
1 41581U 16035A   20111.04841231 -.00000159  00000-0  00000+0 0  9997
2 41581   0.0159 240.8950 0002748 324.9514 285.1145  1.00272591 14146
INTELSAT 36 (IS-36)     
1 41747U 16053A   20111.12223604 -.00000032  00000-0  00000+0 0  9998
2 41747   0.0143 262.1365 0000726  86.2511 332.7719  1.00270098 13414
INTELSAT 33E (IS-33E)   
1 41748U 16053B   20111.70954833  .00000042  00000-0  00000+0 0  9998
2 41748   0.0383 345.1836 0002044  83.5858  95.9080  1.00275301 13674
INTELSAT 32E (IS-32E)   
1 41945U 17007B   20111.25674339 -.00000276  00000-0  00000+0 0  9997
2 41945   0.0207 233.5404 0000345  43.2741 341.2447  1.00269700 11695
INTELSAT 35E (IS-35E)   
1 42818U 17041A   20111.47526878 -.00000244  00000-0  00000+0 0  9998
2 42818   0.0230 221.3671 0002252 178.7783 305.4723  1.00272566 10288
INTELSAT 37E (IS-37E)   
1 42950U 17059A   20111.14355039 -.00000149  00000-0  00000-0 0  9992
2 42950   0.0190 219.0676 0002414 176.5925 206.7117  1.00269673  9501
AZERSPACE 2 (IS-38)     
1 43632U 18074A   20111.06050553  .00000128  00000-0  00000+0 0  9997
2 43632   0.0204 224.9243 0001236 174.6543 235.9339  1.00270063  5945
HORIZONS 3E             
1 43633U 18074B   20111.70674418 -.00000036  00000-0  00000+0 0  9990
2 43633   0.0054 303.7769 0000402 349.6245 339.2705  1.00272309  5800
INTELSAT 39 (IS-39)     
1 44476U 19049B   20111.16125677  .00000025  00000-0  00000-0 0  9995
2 44476   0.0192 251.5005 0000111 350.9527  86.2450  1.00271781  2634
