IRIDIUM 7 [-]           
1 24793U 97020B   19046.94742222  .00000101  00000-0  29010-4 0  9993
2 24793  86.3927  64.5526 0002289  93.3102 266.8355 14.34266489140220
IRIDIUM 5 [-]           
1 24795U 97020D   19046.93133207  .00000356  00000-0  36087-4 0  9995
2 24795  86.3947  50.0039 0140151  21.4403 339.2608 14.80036698142574
IRIDIUM 4 [-]           
1 24796U 97020E   19046.80763437  .00000082  00000-0  21651-4 0  9993
2 24796  86.3920  63.0465 0002193  90.7250 325.0082 14.35193155140563
IRIDIUM 914 [-]         
1 24836U 97030A   19046.78851721  .00000107  00000-0  28272-4 0  9994
2 24836  86.3899  78.1848 0000448  87.9813 272.1436 14.38861465274358
IRIDIUM 16 [-]          
1 24841U 97030F   19046.68509539  .00000090  00000-0  23669-4 0  9992
2 24841  86.4011  95.2015 0004541  94.2142 265.9574 14.36820776134694
IRIDIUM 911 [-]         
1 24842U 97030G   19046.72272986  .00000091  00000-0  20207-4 0  9997
2 24842  86.4438  95.6109 0012892 223.3733 136.6456 14.45082511140838
IRIDIUM 17 [-]          
1 24870U 97034B   19046.78123512  .00000051  00000-0  10609-4 0  9999
2 24870  86.3978 125.2036 0003194  64.8191 295.3336 14.35864265131504
IRIDIUM 920 [-]         
1 24871U 97034C   19046.73761978  .00000089  00000-0  21901-4 0  9997
2 24871  86.3965 109.9481 0013518 132.0067 228.2285 14.39574142133635
IRIDIUM 921 [-]         
1 24873U 97034E   19046.91349376  .00000783  00000-0  43280-4 0  9998
2 24873  86.3960 138.0733 0005188 298.6172  61.4544 15.12263032179781
IRIDIUM 26 [-]          
1 24903U 97043A   19046.84636320  .00000033  00000-0  45179-5 0  9990
2 24903  86.3997 359.9702 0002286  90.0492 270.0967 14.35345536124804
IRIDIUM 46 [-]          
1 24905U 97043C   19046.84192416  .00166101  67338-5  58923-3 0  9995
2 24905  86.3744 331.2627 0155764  25.3444 335.5361 15.72292579129106
IRIDIUM 22 [-]          
1 24907U 97043E   19046.84108722  .00000072  00000-0  18497-4 0  9999
2 24907  86.3997   1.7273 0002062  89.1827 270.9605 14.34284222125088
DUMMY MASS 1 [-]        
1 24925U 97048A   19046.79905095  .00000053  00000-0  28601-5 0  9994
2 24925  86.3362 122.8436 0009015  60.7863 299.4262 14.85194242161678
DUMMY MASS 2 [-]        
1 24926U 97048B   19046.79784497  .00000049  00000-0  24281-5 0  9991
2 24926  86.3363 124.0600 0009974  66.7793 293.4480 14.84961855161508
IRIDIUM 29 [-]          
1 24944U 97051A   19046.93806559  .00000095  00000-0  26598-4 0  9998
2 24944  86.3957  32.2606 0001920  88.6067 271.5349 14.34696012121493
IRIDIUM 32 [-]          
1 24945U 97051B   19046.84685696  .01010268 -13916-5  75804-3 0  9999
2 24945  86.3749  32.2396 0383725 162.6968 198.7808 15.44625009121713
IRIDIUM 33 [-]          
1 24946U 97051C   19046.82770686  .00000070  00000-0  18214-4 0  9998
2 24946  86.3872  31.9929 0009844  66.4703 293.7526 14.33634127121221
IRIDIUM 28 [-]          
1 24948U 97051E   19046.54991549  .00000096  00000-0  26342-4 0  9991
2 24948  86.3962  31.2908 0002508  89.2077 270.9407 14.35645960121864
IRIDIUM 36 [-]          
1 24967U 97056C   19046.60161246  .00000091  00000-0  24641-4 0  9992
2 24967  86.3936  62.9431 0002112  85.3439 274.7999 14.35702677120156
IRIDIUM 39 [-]          
1 25042U 97069D   19046.81545282  .00000133  00000-0  31130-4 0  9998
2 25042  86.3927 119.5874 0021261  89.7194 270.6445 14.46291626114426
IRIDIUM 38 [-]          
1 25043U 97069E   19046.78754114  .00000109  00000-0  30698-4 0  9992
2 25043  86.3974 124.0424 0003602  98.9653 261.1951 14.36130126113817
IRIDIUM 42 [-]          
1 25077U 97077A   19046.65019370  .00000049  00000-0  10206-4 0  9998
2 25077  86.3985 127.5465 0002711  98.1965 261.9539 14.34541717109418
IRIDIUM 44 [-]          
1 25078U 97077B   19046.79986102  .00000141  00000-0  39970-4 0  9992
2 25078  86.3961 115.5128 0003951  82.9759 277.1888 14.38233051111079
IRIDIUM 45 [+]          
1 25104U 97082A   19046.93170431  .00000135  00000-0  41058-4 0  9997
2 25104  86.3952  32.7527 0002816  95.2217 264.9300 14.34217481107362
IRIDIUM 24 [-]          
1 25105U 97082B   19046.86873920  .00000069  00000-0  15664-4 0  9993
2 25105  86.3951 338.3728 0012885 133.5462 226.6810 14.39964487110191
IRIDIUM 54 [+]          
1 25171U 98010C   19046.74664551  .00000090  00000-0  22804-4 0  9991
2 25171  86.4193  96.0875 0002136  89.8488 270.2955 14.38610929 99248
IRIDIUM 51 [-]          
1 25262U 98018A   19046.56131913  .00001067  00000-0  74808-4 0  9997
2 25262  86.3968  47.5666 0205875 333.7226  25.3664 14.88384941100586
IRIDIUM 61 [B]          
1 25263U 98018B   19046.61084688 -.00000043  00000-0 -20699-4 0  9994
2 25263  86.4195  64.6337 0002113 122.4515 237.6888 14.38614905 94038
IRIDIUM 55 [B]          
1 25272U 98019A   19046.82915599 -.00000041  00000-0 -20066-4 0  9998
2 25272  86.4207  32.5952 0002029  94.0474 266.0956 14.38608693 93334
IRIDIUM 57 [-]          
1 25273U 98019B   19046.50175932  .00000082  00000-0  22158-4 0  9990
2 25273  86.3960  33.0496 0002088  88.8316 271.3119 14.34330338 93266
IRIDIUM 58 [B]          
1 25274U 98019C   19046.55736876 -.00000027  00000-0 -15413-4 0  9993
2 25274  86.4206  33.2167 0002407  92.4109 267.7364 14.38609784 93296
IRIDIUM 59 [+]          
1 25275U 98019D   19046.55750890  .00000128  00000-0  38790-4 0  9999
2 25275  86.3954  33.0708 0001997  89.5884 270.5541 14.34216162 93340
IRIDIUM 60 [+]          
1 25276U 98019E   19046.84289895 -.00000038  00000-0 -20771-4 0  9996
2 25276  86.3948  32.5463 0002092  87.5049 272.6386 14.34216010 93098
IRIDIUM 63 [-]          
1 25286U 98021B   19046.88813605  .00000065  00000-0  16076-4 0  9997
2 25286  86.4022 329.8909 0001953  88.4135 344.3336 14.34760920 92041
IRIDIUM 64 [B]          
1 25287U 98021C   19046.86705773  .00000155  00000-0  44127-4 0  9990
2 25287  86.4244 329.5275 0002180  82.8506 277.2940 14.38609080 92097
IRIDIUM 69 [-]          
1 25319U 98026A   19046.81337650  .00000078  00000-0  18780-4 0  9991
2 25319  86.4027 349.6797 0004125  79.4195 280.7468 14.38780706 90302
IRIDIUM 71 [-]          
1 25320U 98026B   19046.83800637  .00000089  00000-0  22225-4 0  9996
2 25320  86.4012 345.2659 0003768 114.5434 245.6157 14.39182476 90751
IRIDIUM 73 [-]          
1 25344U 98032C   19046.84012468  .00000088  00000-0  17733-4 0  9994
2 25344  86.4434 305.6936 0002108 104.1913 255.9525 14.49160023 95390
IRIDIUM 82 [-]          
1 25467U 98051A   19046.74898861  .00000624  00000-0  44038-4 0  9993
2 25467  86.3986 102.7851 0181292  21.7357 339.1436 14.90243924 77447
IRIDIUM 2 [-]           
1 25527U 98066A   19046.93074823  .00000846  00000-0  39885-4 0  9991
2 25527  85.5290  32.5208 0009785  25.5145 334.6577 15.17844933110667
IRIDIUM 14 [+]          
1 25777U 99032A   19046.85435528  .00000129  00000-0  35757-4 0  9994
2 25777  86.4276 329.5936 0002157  97.6778 262.4665 14.38610499 41910
IRIDIUM 91 [P]          
1 27372U 02005A   19046.60251449  .00000089  00000-0  15324-4 0  9995
2 27372  86.3953  32.8622 0026517 177.7568 182.3764 14.55476858898821
IRIDIUM 95 [+]          
1 27375U 02005D   19046.50674656  .00000001  00000-0 -67206-5 0  9998
2 27375  86.3951  32.9186 0001374  82.1136 278.0215 14.34216169898101
IRIDIUM 96 [-]          
1 27376U 02005E   19046.93718755  .00051995 -59859-6  42619-3 0  9994
2 27376  86.3708  35.0099 0230388   3.9929 356.3091 15.42948974308035
IRIDIUM 97 [B]          
1 27450U 02031A   19046.81304336 -.00000056  00000-0 -24882-4 0  9993
2 27450  86.4189  64.5769 0002047  84.2449 275.8982 14.38606410877564
