IRIDIUM 106             
1 41917U 17003A   19070.61268491  .00000073  00000-0  18950-4 0  9994
2 41917  86.3951 117.8556 0002141  80.9131 279.2307 14.34219527112720
IRIDIUM 103             
1 41918U 17003B   19070.18137917  .00000071  00000-0  18151-4 0  9996
2 41918  86.3951 117.9446 0002809  91.2326 268.9191 14.34217438112693
IRIDIUM 109             
1 41919U 17003C   19070.18770614  .00000059  00000-0  13934-4 0  9994
2 41919  86.3953 117.9576 0002379  91.6622 268.4847 14.34219195112678
IRIDIUM 102             
1 41920U 17003D   19070.57461281  .00000054  00000-0  12320-4 0  9999
2 41920  86.3949 117.7764 0002423  98.4671 261.6800 14.34216269112797
IRIDIUM 105             
1 41921U 17003E   19070.47588452  .00000064  00000-0  15886-4 0  9990
2 41921  86.3927  86.1623 0002607  57.2036 302.9410 14.34221035114637
IRIDIUM 104             
1 41922U 17003F   19070.16868775  .00000065  00000-0  16322-4 0  9993
2 41922  86.3952 117.9482 0002340  82.6337 277.5124 14.34218944112724
IRIDIUM 114             
1 41923U 17003G   19070.17501926  .00000072  00000-0  18469-4 0  9999
2 41923  86.3951 117.9365 0001972  95.8941 264.2479 14.34217986112722
IRIDIUM 108             
1 41924U 17003H   19070.48238944  .00000067  00000-0  17036-4 0  9994
2 41924  86.3923  86.2123 0001976  80.6367 279.5052 14.34217377114621
IRIDIUM 112             
1 41925U 17003J   19070.16233705  .00000066  00000-0  16348-4 0  9994
2 41925  86.3948 117.9098 0002040 105.2401 254.9020 14.34217423112754
IRIDIUM 111             
1 41926U 17003K   19070.21941810  .00000066  00000-0  16399-4 0  9990
2 41926  86.3951 117.8995 0002628  89.1816 270.9681 14.34216386112787
IRIDIUM 113             
1 42803U 17039A   19070.26916104  .00000097  00000-0  27523-4 0  9992
2 42803  86.4023 351.4886 0002604  79.4187 280.7302 14.34217805 90652
IRIDIUM 123             
1 42804U 17039B   19070.38040894  .00000078  00000-0  20919-4 0  9991
2 42804  86.4005  23.0162 0002410  88.4968 271.6503 14.34218255 89430
IRIDIUM 120             
1 42805U 17039C   19070.33259223  .00000089  00000-0  24767-4 0  9992
2 42805  86.4012 351.5886 0002650  76.4946 283.6545 14.34218231 90659
IRIDIUM 115             
1 42806U 17039D   19070.30210179  .00000085  00000-0  19307-4 0  9997
2 42806  86.4551 351.3203 0003594 132.0304 228.1203 14.43277732 91336
IRIDIUM 118             
1 42807U 17039E   19070.48188810  .00000067  00000-0  16830-4 0  9991
2 42807  86.4005  22.9825 0002243  97.3938 262.7513 14.34218312 89455
IRIDIUM 117             
1 42808U 17039F   19070.43116350  .00000076  00000-0  20115-4 0  9998
2 42808  86.4004  22.9845 0002413  71.5805 288.5653 14.34216549 89476
IRIDIUM 126             
1 42809U 17039G   19070.38674931  .00000075  00000-0  19583-4 0  9993
2 42809  86.4005  23.0131 0002288  85.2191 274.9266 14.34218054 89447
IRIDIUM 124             
1 42810U 17039H   19070.31027114  .00000086  00000-0  19450-4 0  9998
2 42810  86.4500 319.8519 0001463  24.9643 335.1629 14.43606034 92188
IRIDIUM 128             
1 42811U 17039J   19070.51702765  .00000082  00000-0  22238-4 0  9997
2 42811  86.3954  54.5176 0003282  83.2899 276.8670 14.34219921 89486
IRIDIUM 121             
1 42812U 17039K   19070.40578368  .00000075  00000-0  19662-4 0  9995
2 42812  86.4006  23.0186 0002378  86.7558 273.3910 14.34216630 89431
IRIDIUM 133             
1 42955U 17061A   19070.61850035  .00000098  00000-0  27906-4 0  9990
2 42955  86.3956  54.5310 0002813  87.5787 272.5731 14.34216787 74290
IRIDIUM 100             
1 42956U 17061B   19070.61215971  .00000083  00000-0  22605-4 0  9990
2 42956  86.3953  54.5158 0002224  85.6913 274.4537 14.34218187 74318
IRIDIUM 122             
1 42957U 17061C   19070.58044872  .00000092  00000-0  25638-4 0  9996
2 42957  86.3954  54.5241 0003082  83.8854 276.2693 14.34216717 74297
IRIDIUM 129             
1 42958U 17061D   19070.46628029  .00000029  00000-0  31618-5 0  9992
2 42958  86.3955  54.6099 0002732  86.1263 274.0245 14.34216157 74299
IRIDIUM 119             
1 42959U 17061E   19070.57409974  .00000093  00000-0  26269-4 0  9997
2 42959  86.3955  54.5473 0002742  90.1982 269.9528 14.34219114 74326
IRIDIUM 107             
1 42960U 17061F   19070.52336750  .00000084  00000-0  22975-4 0  9995
2 42960  86.3956  54.5733 0002315  84.6286 275.5173 14.34218063 74331
IRIDIUM 132             
1 42961U 17061G   19070.45993778  .00000090  00000-0  25115-4 0  9993
2 42961  86.3955  54.5934 0002387  78.6119 281.5344 14.34218234 74316
IRIDIUM 136             
1 42962U 17061H   19070.49165626  .00000083  00000-0  22652-4 0  9996
2 42962  86.3956  54.5792 0002650  92.9865 267.1634 14.34217977 74337
IRIDIUM 139             
1 42963U 17061J   19070.49798904  .00000077  00000-0  20362-4 0  9997
2 42963  86.3958  54.5955 0002420  84.4763 275.6709 14.34218652 74348
IRIDIUM 125             
1 42964U 17061K   19070.48530810  .00000090  00000-0  25229-4 0  9999
2 42964  86.3958  54.6140 0002328  84.6269 275.5193 14.34218503 74358
IRIDIUM 135             
1 43070U 17083A   19070.31989607  .00000085  00000-0  23261-4 0  9994
2 43070  86.4018 351.4793 0001612  84.3125 275.8255 14.34219245 63624
IRIDIUM 138             
1 43071U 17083B   19070.27549691  .00000087  00000-0  23948-4 0  9999
2 43071  86.4006 351.4559 0002353  85.1388 275.0076 14.34216795 63603
IRIDIUM 116             
1 43072U 17083C   19070.31355904  .00000091  00000-0  25497-4 0  9993
2 43072  86.4016 351.4991 0002017  95.4272 264.7154 14.34219666 63644
IRIDIUM 130             
1 43073U 17083D   19070.28185309  .00000090  00000-0  24908-4 0  9995
2 43073  86.4025 351.5265 0002274  88.3398 271.8058 14.34217158 63584
IRIDIUM 151             
1 43074U 17083E   19070.32624118  .00000078  00000-0  20647-4 0  9999
2 43074  86.4018 351.4903 0002088  97.2085 262.9348 14.34217978 63617
IRIDIUM 134             
1 43075U 17083F   19070.29453004  .00000091  00000-0  25480-4 0  9995
2 43075  86.4019 351.4740 0002144  76.2589 283.8845 14.34217732 63574
IRIDIUM 137             
1 43076U 17083G   19070.58628303  .00000050  00000-0  10625-4 0  9994
2 43076  86.4020 351.3973 0002162  99.4712 260.6729 14.34216727 63688
IRIDIUM 141             
1 43077U 17083H   19070.30087576  .00000082  00000-0  22153-4 0  9990
2 43077  86.4017 351.4921 0002343  91.2138 268.9326 14.34218028 63648
IRIDIUM 153             
1 43078U 17083J   19070.18328717  .00000083  00000-0  22511-4 0  9991
2 43078  86.3982 319.9520 0003267  88.6506 271.5064 14.34217037 64737
IRIDIUM 131             
1 43079U 17083K   19070.28818096  .00000089  00000-0  24820-4 0  9998
2 43079  86.4022 351.5058 0002309  83.3747 276.7712 14.34220243 63578
IRIDIUM 144             
1 43249U 18030A   19070.60823660  .00000070  00000-0  17920-4 0  9992
2 43249  86.3979 319.7825 0001927  72.9317 287.2090 14.34217195 49670
IRIDIUM 149             
1 43250U 18030B   19070.19595919  .00000078  00000-0  20658-4 0  9991
2 43250  86.3979 319.9501 0001694  72.9830 287.1551 14.34219332 49616
IRIDIUM 157             
1 43251U 18030C   19070.63360728  .00000076  00000-0  20009-4 0  9997
2 43251  86.3980 319.7610 0002397  97.1331 263.0137 14.34216118 49650
IRIDIUM 140             
1 43252U 18030D   19070.37355841  .00000065  00000-0  16036-4 0  9992
2 43252  86.3980 319.8833 0001994  48.6501 311.4866 14.34217102 49674
IRIDIUM 145             
1 43253U 18030E   19070.57017981  .00000075  00000-0  19586-4 0  9999
2 43253  86.3980 319.7848 0000542  52.9704 307.1541 14.34217983 49636
IRIDIUM 146             
1 43254U 18030F   19070.20230644  .00000077  00000-0  20331-4 0  9995
2 43254  86.3980 319.9563 0001574  85.1559 274.9817 14.34221024 49598
IRIDIUM 148             
1 43255U 18030G   19070.24035726  .00000076  00000-0  20239-4 0  9990
2 43255  86.3981 319.9455 0001947  94.5078 265.6340 14.34219293 49643
IRIDIUM 142             
1 43256U 18030H   19070.55749824  .00000074  00000-0  19229-4 0  9991
2 43256  86.3977 319.8004 0001980  86.4983 273.6439 14.34217146 49643
IRIDIUM 150             
1 43257U 18030J   19070.45601133  .00000081  00000-0  21997-4 0  9994
2 43257  86.3980 319.8736 0002013  80.8106 279.3317 14.34218816 49679
IRIDIUM 143             
1 43258U 18030K   19070.22767932  .00000080  00000-0  21363-4 0  9996
2 43258  86.3985 319.9511 0001261  74.8225 285.3111 14.34218081 49589
IRIDIUM 161             
1 43478U 18047C   19070.56050215  .00000061  00000-0  12014-4 0  9996
2 43478  86.4473 117.9231 0002640  91.3055 268.8448 14.43278602 42248
IRIDIUM 152             
1 43479U 18047D   19070.54924478  .00000072  00000-0  18591-4 0  9994
2 43479  86.3945 117.8061 0002049 100.6100 259.5327 14.34218417 42005
IRIDIUM 147             
1 43480U 18047E   19070.48581584  .00000064  00000-0  15662-4 0  9993
2 43480  86.3947 117.7927 0002504  96.9191 263.2290 14.34217908 41983
IRIDIUM 110             
1 43481U 18047F   19070.49215430  .00000063  00000-0  15589-4 0  9996
2 43481  86.3951 117.8107 0002232  82.7231 277.4218 14.34217955 41974
IRIDIUM 162             
1 43482U 18047G   19070.48487719  .00000065  00000-0  13443-4 0  9996
2 43482  86.4472 117.8830 0002659  87.3603 272.7902 14.43279611 42228
IRIDIUM 160             
1 43569U 18061A   19070.43799605  .00000047  00000-0  96574-5 0  9990
2 43569  86.3925  86.1813 0002249  98.4898 261.6552 14.34217435 32862
IRIDIUM 166             
1 43570U 18061B   19070.46334895  .00000045  00000-0  90663-5 0  9992
2 43570  86.3924  86.1578 0002083  85.3447 274.7987 14.34216136 32899
IRIDIUM 158             
1 43571U 18061C   19070.43165241  .00000055  00000-0  12617-4 0  9990
2 43571  86.3923  86.1782 0001884  93.7602 266.3809 14.34217370 32868
IRIDIUM 165             
1 43572U 18061D   19070.45701559  .00000049  00000-0  10330-4 0  9994
2 43572  86.3925  86.1655 0001941  92.3246 267.8171 14.34219658 32884
IRIDIUM 155             
1 43573U 18061E   19070.48872645  .00000049  00000-0  10554-4 0  9991
2 43573  86.3922  86.1472 0002704  75.7986 284.3510 14.34218806 32866
IRIDIUM 154             
1 43574U 18061F   19070.46969674  .00000048  00000-0  10138-4 0  9996
2 43574  86.3925  86.1635 0002305 100.2046 259.9410 14.34218662 32901
IRIDIUM 163             
1 43575U 18061G   19070.45067983  .00000040  00000-0  73184-5 0  9991
2 43575  86.3922  86.1669 0001412  94.0775 266.0582 14.34217834 32878
IRIDIUM 156             
1 43576U 18061H   19070.49506961  .00000076  00000-0  20085-4 0  9990
2 43576  86.3924  86.1528 0001969  79.7790 280.3627 14.34215778 32862
IRIDIUM 164             
1 43577U 18061J   19070.54583221  .00000051  00000-0  11134-4 0  9999
2 43577  86.3923  86.1314 0002106  96.8838 263.2597 14.34216634 32927
IRIDIUM 159             
1 43578U 18061K   19070.44432301  .00000040  00000-0  73204-5 0  9996
2 43578  86.3922  86.1665 0002227  95.3920 264.7530 14.34216417 32872
IRIDIUM 180             
1 43922U 19002A   19070.37406352  .00000072  00000-0  18603-4 0  9990
2 43922  86.4004  23.0012 0002021 125.0496 235.0889 14.34218490  8519
IRIDIUM 176             
1 43923U 19002B   19070.61214560  .00000134  00000-0  17360-4 0  9994
2 43923  86.6138  22.9168 0002218  81.1596 278.9872 14.72246848  8687
IRIDIUM 168             
1 43924U 19002C   19070.43749426  .00000057  00000-0  13386-4 0  9997
2 43924  86.4007  22.9769 0002173  96.6646 263.4797 14.34216714  8463
IRIDIUM 173             
1 43925U 19002D   19070.42481028  .00000065  00000-0  16185-4 0  9997
2 43925  86.4004  22.9788 0002123  91.4103 268.7336 14.34216870  8457
IRIDIUM 169             
1 43926U 19002E   19070.37828245  .00000078  00000-0  19262-4 0  9991
2 43926  87.4068  26.8870 0005022  80.5416 279.6351 14.38612927  8546
IRIDIUM 172             
1 43927U 19002F   19070.41845987  .00000069  00000-0  17467-4 0  9994
2 43927  86.4003  22.9810 0002074  96.9356 263.2076 14.34218417  8459
IRIDIUM 175             
1 43928U 19002G   19070.47008778  .00000121  00000-0  15228-4 0  9992
2 43928  86.6122  22.9594 0003614  84.9391 275.2238 14.72256886  8659
IRIDIUM 171             
1 43929U 19002H   19070.39944240  .00000066  00000-0  16553-4 0  9997
2 43929  86.4013  23.0003 0002189  94.7031 265.4415 14.34217612  8447
IRIDIUM 170             
1 43930U 19002J   19070.41442100  .00000117  00000-0  14591-4 0  9997
2 43930  86.6137  23.0072 0002676  77.1449 283.0067 14.72252528  8663
IRIDIUM 167             
1 43931U 19002K   19070.39309329  .00000055  00000-0  12596-4 0  9994
2 43931  86.4005  22.9909 0002127 120.4130 239.7276 14.34216891  8440
