MTI                     
1 26102U 00014A   20121.18596043  .00004691  00000-0  70261-4 0  9998
2 26102  97.5105   0.9623 0009169  52.0958 308.1123 15.55469880117013
CFESAT                  
1 30777U 07006F   20121.07439593  .00002905  00000-0  80962-4 0  9998
2 30777  35.4248 263.7167 0004135 115.1262 244.9894 15.36505665729005
SPIRALE A               
1 33751U 09008C   20121.06861332  .00000043  00000-0  13604-3 0  9995
2 33751   2.0320 258.5736 5379767 242.5972  53.5361  4.58737821159068
SPIRALE B               
1 33752U 09008D   20120.71540225  .00002457  00000-0  47338-3 0  9994
2 33752   1.8327 171.9060 6918611  43.9232 353.8553  2.75618947103401
SAPPHIRE                
1 39088U 13009C   20121.06758329 -.00000015  00000-0  99630-5 0  9996
2 39088  98.4741 323.4309 0012540  71.4358 288.8188 14.34206935375574
