ONEWEB-0012             
1 44057U 19010A   20112.91667824  .00004191  00000-0  10114-1 0  9993
2 44057  87.9219 345.6794 0001749  77.4578 127.4872 13.21807621 55412
ONEWEB-0010             
1 44058U 19010B   20112.58335648  .00038540  00000-0  92928-1 0  9991
2 44058  87.9227 345.7448 0001839  81.3669 330.6962 13.21797744 55427
ONEWEB-0008             
1 44059U 19010C   20112.91667824  .00004308  00000-0  10398-1 0  9999
2 44059  87.9226 345.6754 0001724  80.8661 131.6571 13.21807173 55552
ONEWEB-0007             
1 44060U 19010D   20112.91667824  .00003964  00000-0  95640-2 0  9992
2 44060  87.9219 345.6811 0001944  87.4446 102.4442 13.21806781 55588
ONEWEB-0006             
1 44061U 19010E   20112.16667824 -.00006194  00000-0 -15041-1 0  9996
2 44061  87.9220 345.8293 0001787  81.8206 133.9015 13.21815626 55521
ONEWEB-0011             
1 44062U 19010F   20112.25002315 -.00042973  00000-0 -10456+0 0  9993
2 44062  87.9230 345.8089 0001827  81.3713 163.3349 13.21836360  1705
ONEWEB-0013             
1 45131U 20008A   20112.91667824  .00024417  00000-0  45758-2 0  9992
2 45131  87.6681 139.5459 0018864  20.7240  87.0913 14.64560361 12153
ONEWEB-0017             
1 45132U 20008B   20112.91667824  .00056768  00000-0  10123-1 0  9994
2 45132  87.4187 139.4468 0023513  39.6647  63.7405 14.66525726 12042
ONEWEB-0020             
1 45133U 20008C   20112.91667824  .00055275  00000-0  58359-2 0  9991
2 45133  87.5721 139.5147 0023634  28.0758 286.4162 14.88798397 12147
ONEWEB-0021             
1 45134U 20008D   20112.91667824  .00059755  00000-0  50730-2 0  9994
2 45134  87.6032 139.4114 0019614  21.3638 216.9110 14.97482131 12285
ONEWEB-0022             
1 45135U 20008E   20112.91667824  .00062614  00000-0  72624-2 0  9999
2 45135  87.5476 139.5348 0020408  41.6866 115.3278 14.84972495 12109
ONEWEB-0023             
1 45136U 20008F   20112.91667824  .00057539  00000-0  92670-2 0  9993
2 45136  87.4770 139.5950 0021732  33.0790 221.4944 14.71044030 12051
ONEWEB-0024             
1 45137U 20008G   20112.08334491  .00002778  00000-0  33801-3 0  9990
2 45137  87.5608 139.9365 0020147  41.9987 336.8719 14.82975526  1786
ONEWEB-0025             
1 45138U 20008H   20112.08334491  .00004123  00000-0  34229-3 0  9992
2 45138  87.5613 139.6047 0023084  41.4498 109.2729 14.98321440  1760
ONEWEB-0026             
1 45139U 20008J   20112.91667824  .00062116  00000-0  57638-2 0  9998
2 45139  87.6012 139.4964 0022334  26.0560 174.8578 14.93944435 12309
ONEWEB-0028             
1 45140U 20008K   20112.91667824  .00057878  00000-0  55291-2 0  9992
2 45140  87.5646 139.4178 0022274  24.2780  20.4428 14.92816239 11394
ONEWEB-0032             
1 45141U 20008L   20112.91667824  .00062151  00000-0  73655-2 0  9997
2 45141  87.5700 139.6220 0022227  39.3891 144.4825 14.84059345 12212
ONEWEB-0033             
1 45142U 20008M   20112.58335648  .00001728  00000-0  21488-3 0  9998
2 45142  87.4608 139.5106 0021570  41.7256 164.8021 14.81811885 12163
ONEWEB-0035             
1 45143U 20008N   20112.33334491 -.00004103  00000-0 -76145-3 0  9999
2 45143  87.4372 139.7785 0022882  39.6140 202.6781 14.65421249 12079
ONEWEB-0036             
1 45144U 20008P   20112.91667824  .00061864  00000-0  67237-2 0  9999
2 45144  87.5795 139.6110 0021948  36.6271 157.6456 14.87615092 12225
ONEWEB-0038             
1 45145U 20008Q   20112.00001157  .00054166  00000-0  91943-2 0  9999
2 45145  87.4552 139.8603 0022715  37.8393  96.3723 14.68741402 11944
ONEWEB-0039             
1 45146U 20008R   20112.91667824  .00054576  00000-0  73458-2 0  9995
2 45146  87.5550 139.7618 0019569  36.1114 303.3327 14.78815697 12115
ONEWEB-0040             
1 45147U 20008S   20112.91667824  .00058120  00000-0  11655-1 0  9995
2 45147  87.3830 139.4178 0021303  45.5089 192.8278 14.61261606 12031
ONEWEB-0041             
1 45148U 20008T   20112.91667824  .00059728  00000-0  62856-2 0  9991
2 45148  87.5777 139.5316 0018750  36.7415 193.8862 14.88981826 12140
ONEWEB-0043             
1 45149U 20008U   20112.91667824  .00056811  00000-0  75817-2 0  9993
2 45149  87.4976 139.5642 0019711  40.1030  19.3351 14.79161541 12085
ONEWEB-0044             
1 45150U 20008V   20112.33334491 -.00003136  00000-0 -29148-3 0  9993
2 45150  87.5621 139.5155 0018676  37.3198 292.4928 14.94678070 12087
ONEWEB-0045             
1 45151U 20008W   20112.91667824  .00055485  00000-0  89879-2 0  9995
2 45151  87.4588 139.4827 0018635  39.7649 265.5383 14.70845243 12062
ONEWEB-0047             
1 45152U 20008X   20112.91667824  .00055893  00000-0  79713-2 0  9995
2 45152  87.5230 139.7046 0019534  34.8374  13.9861 14.76345336 12109
ONEWEB-0048             
1 45153U 20008Y   20112.58335648  .00000515  00000-0  10674-3 0  9998
2 45153  87.3736 139.5904 0020636  45.1159 262.9763 14.58208454 11948
ONEWEB-0049             
1 45154U 20008Z   20112.91667824  .00054608  00000-0  94449-2 0  9993
2 45154  87.4440 139.5733 0023396  36.0456 356.9784 14.67898113 12054
ONEWEB-0051             
1 45155U 20008AA  20112.91667824  .00057568  00000-0  55452-2 0  9993
2 45155  87.5675 139.4258 0023017  29.4615 234.0181 14.92476076 12167
ONEWEB-0052             
1 45156U 20008AB  20112.91667824  .00055147  00000-0  10470-1 0  9995
2 45156  87.4090 139.5733 0023195  44.5059 264.1311 14.63732336 12019
ONEWEB-0053             
1 45157U 20008AC  20112.91667824  .00057179  00000-0  10712-1 0  9992
2 45157  87.4275 139.5471 0023028  45.4942  79.5412 14.64321993 12025
ONEWEB-0054             
1 45158U 20008AD  20112.91667824  .00054440  00000-0  89294-2 0  9993
2 45158  87.4518 139.5011 0022990  34.4011 324.5898 14.70244359 12048
ONEWEB-0056             
1 45159U 20008AE  20112.58335648  .00000367  00000-0  51183-4 0  9990
2 45159  87.4733 139.5738 0019366  34.3562 146.9593 14.74775371 12020
ONEWEB-0057             
1 45160U 20008AF  20112.91667824  .00059534  00000-0  92669-2 0  9995
2 45160  87.4887 139.6038 0020422  30.8574 106.5488 14.72537454 12060
ONEWEB-0058             
1 45161U 20008AG  20112.91667824  .00058531  00000-0  58787-2 0  9995
2 45161  87.5512 139.4638 0021954  40.6276  21.4182 14.90819388 12122
ONEWEB-0059             
1 45162U 20008AH  20112.91667824  .00058125  00000-0  66675-2 0  9990
2 45162  87.5467 139.4899 0022954  35.0851  36.9760 14.85413050 12100
ONEWEB-0062             
1 45163U 20008AJ  20112.58335648 -.00003198  00000-0 -47971-3 0  9991
2 45163  87.4953 139.7310 0018523  31.6316  35.4127 14.74911579 12003
ONEWEB-0065             
1 45164U 20008AK  20112.91667824  .00055703  00000-0  10757-1 0  9990
2 45164  87.4277 139.6060 0024174  40.4127  47.1315 14.62946280 12004
ONEWEB-0066             
1 45424U 20020A   20112.91667824  .00074303  00000-0  18662-2 0  9994
2 45424  87.3946 127.8034 0025562 168.1866 223.4536 15.39368594  4797
ONEWEB-0067             
1 45425U 20020B   20112.91667824  .00074301  00000-0  18767-2 0  9999
2 45425  87.3974 127.8144 0026340 168.5201 207.5173 15.39175199  4790
ONEWEB-0080             
1 45426U 20020C   20112.91667824  .00073194  00000-0  18794-2 0  9999
2 45426  87.3963 127.8213 0028065 172.9052 136.0490 15.38627259  4779
ONEWEB-0090             
1 45427U 20020D   20112.91667824  .00075964  00000-0  19570-2 0  9990
2 45427  87.3935 127.8100 0028042 173.9287 122.5284 15.38516724  4775
ONEWEB-0061             
1 45428U 20020E   20112.91667824  .00034093  00000-0  12085-2 0  9993
2 45428  87.4442 127.8626 0028201 175.5493   8.5137 15.28562866  4785
ONEWEB-0081             
1 45429U 20020F   20112.91667824  .00074529  00000-0  19577-2 0  9995
2 45429  87.3947 127.8231 0028037 176.6157  71.2350 15.37925720  4789
ONEWEB-0069             
1 45430U 20020G   20112.91667824  .00074455  00000-0  19697-2 0  9998
2 45430  87.3953 127.8309 0027844 179.9639  38.5112 15.37713047  4778
ONEWEB-0031             
1 45431U 20020H   20112.91667824  .00074195  00000-0  19617-2 0  9992
2 45431  87.3957 127.8306 0026839 180.5786  31.6411 15.37759828  4777
ONEWEB-0027             
1 45432U 20020J   20112.91667824  .00073844  00000-0  19605-2 0  9990
2 45432  87.3951 127.8345 0026364 181.0495  18.0991 15.37647031  4775
ONEWEB-0064             
1 45433U 20020K   20112.91667824  .00077803  00000-0  20746-2 0  9998
2 45433  87.3956 127.8354 0025863 181.5865   3.2832 15.37512414  4776
ONEWEB-0018             
1 45434U 20020L   20112.91667824  .00068796  00000-0  19042-2 0  9997
2 45434  87.3943 127.8363 0024394 181.4736 330.3505 15.36426458  4780
ONEWEB-0083             
1 45435U 20020M   20112.91667824 -.00002152  00000-0 -62902-4 0  9999
2 45435  87.3995 127.8505 0024030 180.9870 318.5865 15.35685423  4781
ONEWEB-0095             
1 45436U 20020N   20112.91667824 -.00017852  00000-0 -52266-3 0  9994
2 45436  87.3963 127.8350 0023659 179.9155 302.9976 15.35131116  4780
ONEWEB-0092             
1 45437U 20020P   20112.91667824 -.00027419  00000-0 -82414-3 0  9993
2 45437  87.4019 127.8500 0023369 179.0444 289.0963 15.34322244  4774
ONEWEB-0085             
1 45438U 20020Q   20112.91667824  .00072767  00000-0  20431-2 0  9998
2 45438  87.3956 127.8483 0023908 176.8968 286.2849 15.35979106  4777
ONEWEB-0096             
1 45439U 20020R   20112.91667824 -.00047874  00000-0 -15048-2 0  9990
2 45439  87.4059 127.8608 0024218 176.2407 263.7123 15.32944426  4778
ONEWEB-0037             
1 45440U 20020S   20112.91667824 -.00062734  00000-0 -20566-2 0  9995
2 45440  87.4077 127.8527 0024571 175.1781 242.0716 15.31645965  4778
ONEWEB-0042             
1 45441U 20020T   20112.91667824  .00054789  00000-0  18207-2 0  9994
2 45441  87.4119 127.8644 0024948 174.1459 224.5335 15.30672405  4775
ONEWEB-0098             
1 45442U 20020U   20112.91667824  .00064884  00000-0  21838-2 0  9996
2 45442  87.4116 127.8677 0026396 173.6268 193.5753 15.30187252  4758
ONEWEB-0055             
1 45443U 20020V   20112.91667824  .00059574  00000-0  20440-2 0  9995
2 45443  87.4102 127.8635 0026877 174.2043 173.1841 15.29571939  4748
ONEWEB-0093             
1 45444U 20020W   20112.91667824  .00073536  00000-0  21420-2 0  9999
2 45444  87.3981 127.8718 0027433 174.7341 176.3817 15.34733069  4748
ONEWEB-0029             
1 45445U 20020X   20112.91667824  .00039984  00000-0  15103-2 0  9990
2 45445  87.4141 127.8791 0027632 175.1707 107.2510 15.26472293  4744
ONEWEB-0068             
1 45446U 20020Y   20112.91667824  .00057502  00000-0  22030-2 0  9994
2 45446  87.4162 127.8898 0028266 177.3928  77.8039 15.25922274  4745
ONEWEB-0046             
1 45447U 20020Z   20112.91667824 -.00078868  00000-0 -32204-2 0  9999
2 45447  87.4194 127.8851 0028060 178.2446  42.8842 15.24427934  4743
ONEWEB-0063             
1 45448U 20020AA  20112.91667824  .00074020  00000-0  26792-2 0  9999
2 45448  87.4129 127.8945 0027755 180.0328  73.5191 15.27746534  4747
ONEWEB-0019             
1 45449U 20020AB  20112.91667824  .00055747  00000-0  36711-2 0  9997
2 45449  87.4616 128.0498 0027824 181.1524  81.1573 15.06965503  4725
ONEWEB-0094             
1 45450U 20020AC  20112.91667824  .00061239  00000-0  25447-2 0  9996
2 45450  87.4171 127.9077 0027230 182.7613 314.0416 15.23217533  4749
ONEWEB-0087             
1 45451U 20020AD  20112.91667824  .00051426  00000-0  33196-2 0  9994
2 45451  87.4390 128.0002 0026741 183.9768 214.7615 15.07745818  4733
ONEWEB-0082             
1 45452U 20020AE  20112.91667824  .00059040  00000-0  25734-2 0  9994
2 45452  87.4124 127.9161 0026799 184.4778 247.7062 15.21617549  4741
ONEWEB-0050             
1 45453U 20020AF  20112.91667824  .00014580  00000-0  53701-3 0  9991
2 45453  87.4295 127.8997 0025660 184.0092 357.5390 15.27402940  4745
ONEWEB-0034             
1 45454U 20020AG  20112.91667824  .00056457  00000-0  25158-2 0  9995
2 45454  87.4142 127.9211 0025328 182.9021 211.7849 15.20908715  4741
ONEWEB-0060             
1 45455U 20020AH  20112.91667824  .00058961  00000-0  52329-2 0  9998
2 45455  87.4635 128.1359 0024427 183.1712 334.2095 14.95672485  4718
ONEWEB-0086             
1 45456U 20020AJ  20112.91667824  .00061890  00000-0  51785-2 0  9999
2 45456  87.4536 128.1068 0024225 181.8982  17.6905 14.97955617  4711
ONEWEB-0088             
1 45457U 20020AK  20112.91667824 -.00079634  00000-0 -73628-2 0  9997
2 45457  87.4404 128.1225 0023429 182.0320 244.2812 14.94876100  4716
