CALSPHERE 1             
1 00900U 64063C   20114.24449969  .00000252  00000-0  26095-3 0  9997
2 00900  90.1579  27.4972 0024992 220.2888 310.2695 13.73360814762871
CALSPHERE 2             
1 00902U 64063E   20114.20194187  .00000042  00000-0  49579-4 0  9994
2 00902  90.1692  30.1122 0016257 267.2812 249.2545 13.52682333552614
LCS 1                   
1 01361U 65034C   20114.41026833  .00000010  00000-0  25410-3 0  9990
2 01361  32.1384 109.2270 0004948 279.8560  80.1378  9.89297199987821
TEMPSAT 1               
1 01512U 65065E   20114.26431229  .00000007  00000-0 -68255-5 0  9997
2 01512  89.8758 226.7735 0071594  75.7953 341.8970 13.33427175660730
CALSPHERE 4(A)          
1 01520U 65065H   20114.84093912  .00000054  00000-0  88706-4 0  9996
2 01520  90.0316 128.9448 0068608 317.3696 218.6983 13.35810980663312
OPS 5712 (P/L 160)      
1 02826U 67053A   20114.19550165  .00000517  00000-0  15223-3 0  9998
2 02826  69.9283 328.2785 0005137 357.7067   2.4041 14.49041793738936
OPS 5712 (P/L 153)      
1 02874U 67053H   20114.47414779 -.00000062  00000-0 -61607-5 0  9998
2 02874  69.9737 246.4092 0009734 240.1942 119.8196 13.96346807693736
SURCAL 150B             
1 02909U 67053J   20114.19352696  .00000723  00000-0  15847-3 0  9990
2 02909  69.9491 354.2969 0002001  69.8449 290.2906 14.61696131748804
RIGIDSPHERE 2 (LCS 4)   
1 05398U 71067E   20114.46506008  .00000142  00000-0  43322-4 0  9998
2 05398  87.6257 239.3131 0065676  94.3413 266.5292 14.33876985551993
