SCD 1                   
1 22490U 93009B   19042.84280858  .00000211  00000-0  76901-5 0  9999
2 22490  24.9689 180.0590 0042808 238.0506 257.9617 14.44542689373126
TECHSAT 1B (GO-32)      
1 25397U 98043D   19042.90270459 -.00000001  00000-0  18745-4 0  9993
2 25397  98.6769 344.6702 0002239  64.5953 295.5457 14.23660001 69619
SCD 2                   
1 25504U 98060A   19042.97817521  .00000212  00000-0  86962-5 0  9996
2 25504  24.9969  26.1796 0016938 264.9192 125.7174 14.44060440 72203
LANDSAT 7               
1 25682U 99020A   19043.09832611  .00000051  00000-0  21191-4 0  9994
2 25682  98.1430 113.4372 0001175  81.0271 279.1076 14.57143332 54682
DLR-TUBSAT              
1 25757U 99029B   19043.03800257 -.00000006  00000-0  10033-4 0  9995
2 25757  98.4116 325.0218 0013362 249.4236 110.5525 14.51396693 44209
TERRA                   
1 25994U 99068A   19043.11472882  .00000238  00000-0  62871-4 0  9992
2 25994  98.2048 119.4930 0001376 110.0572 250.0752 14.57113218 18768
MAROC-TUBSAT            
1 27004U 01056D   19042.94075307 -.00000028  00000-0  18292-4 0  9993
2 27004  99.4419 178.8065 0019506 205.5669 264.0526 13.70133108858867
AQUA                    
1 27424U 02022A   19042.94139895  .00000068  00000-0  25273-4 0  9996
2 27424  98.2218 345.6419 0002858  70.9352 358.3851 14.57109076892295
IRS-P6 (RESOURCESAT-1)  
1 28051U 03046A   19043.12555161  .00000002  00000-0  16053-4 0  9993
2 28051  98.5307 122.5543 0058751  44.4920 316.0964 14.34144136795967
SHIYAN 1 (SY-1)         
1 28220U 04012A   19042.88248960  .00000180  00000-0  19473-4 0  9999
2 28220  97.7783   5.0516 0012381 264.2570  95.7241 14.99720732807046
FORMOSAT-2 (ROCSAT 2)   
1 28254U 04018A   19039.69554198  .00000100  00000-0  95395-4 0  9999
2 28254  98.7730  89.1619 0001411 301.5308  58.8347 14.00633044752800
AURA                    
1 28376U 04026A   19043.20844620  .00000071  00000-0  25814-4 0  9993
2 28376  98.2225 348.0655 0001545  68.3401 291.7962 14.57102350775423
IRS-P5 (CARTOSAT-1)     
1 28649U 05017A   19040.89642234  .00000404  00000-0  55424-4 0  9996
2 28649  97.8685 113.5853 0000311 140.7485 219.3824 14.83614446745336
SINAH 1                 
1 28893U 05043D   19042.97788560 -.00000007  00000-0  77528-5 0  9990
2 28893  97.9521 185.0450 0016231  51.5547 308.7109 14.61495484708793
EROS B                  
1 29079U 06014A   19043.10011867  .00001496  00000-0  65688-4 0  9996
2 29079  97.4064 163.4267 0002357 188.5307 292.4857 15.23468714710429
RESURS-DK 1             
1 29228U 06021A   19043.21951285  .00000049  00000-0  11011-4 0  9993
2 29228  69.9370 358.4189 0003326 178.0942 182.0232 15.02404335698965
ARIRANG-2 (KOMPSAT-2)   
1 29268U 06031A   19043.05061234  .00000136  00000-0  36125-4 0  9996
2 29268  98.0450 298.6205 0016674 265.0205  94.9098 14.62409194669393
LAPAN-TUBSAT            
1 29709U 07001A   19043.10559793 -.00000004  00000-0  60461-5 0  9998
2 29709  97.7900   8.5553 0011497 278.2057  81.7850 14.82160459653586
CARTOSAT-2 (IRS-P7)     
1 29710U 07001B   19043.07636161  .00000300  00000-0  48048-4 0  9995
2 29710  97.9914 103.1730 0001485  81.2299 278.9082 14.78648589652586
HAIYANG-1B              
1 31113U 07010A   19043.08943201 -.00000009  00000-0  12996-4 0  9992
2 31113  98.4739  95.3450 0012733 220.4032 139.6210 14.30214863617936
COSMO-SKYMED 1          
1 31598U 07023A   19043.06839469 -.00000110  00000-0 -73113-5 0  9994
2 31598  97.8863 228.2250 0001521  91.2229 268.9164 14.82156898632047
TERRASAR-X              
1 31698U 07026A   19043.18027873  .00000133  00000-0  95242-5 0  9999
2 31698  97.4457  52.1988 0001699  83.2599 347.9737 15.19149414646723
WORLDVIEW-1 (WV-1)      
1 32060U 07041A   19042.34666791  .00000800  00000-0  35504-4 0  9990
2 32060  97.3871 163.7032 0001565 119.1610 302.8708 15.24420664634292
YAOGAN 3                
1 32289U 07055A   19043.04463771 -.00000231  00000-0 -23073-4 0  9997
2 32289  98.0064  53.9240 0001439  98.1558 261.9835 14.80938939608258
COSMO-SKYMED 2          
1 32376U 07059A   19043.10216126  .00000059  00000-0  13990-4 0  9998
2 32376  97.8870 228.2579 0001291  79.6447 280.4887 14.82155609604791
RADARSAT-2              
1 32382U 07061A   19043.07395422 -.00000021  00000-0  87893-5 0  9995
2 32382  98.5773  51.8292 0001140  85.0809   6.3415 14.29986250582743
CARTOSAT-2A             
1 32783U 08021A   19043.12259348 -.00000132  00000-0 -10889-4 0  9993
2 32783  97.9908 103.5977 0013425 151.6594 208.5371 14.78650191582536
JASON-2 (OSTM)          
1 33105U 08032A   19043.21956948 -.00000050  00000-0  46867-4 0  9997
2 33105  66.0411 290.0443 0007673 274.2467 193.0282 12.87628112498485
RAPIDEYE 2              
1 33312U 08040A   19043.15210989 -.00000004  00000-0  61321-5 0  9999
2 33312  97.7609 116.1083 0012198 176.0537 184.0783 14.79921065564844
RAPIDEYE 5              
1 33313U 08040B   19043.10780907  .00000057  00000-0  14285-4 0  9990
2 33313  97.7686 114.7897 0018198  61.1175 299.1867 14.79923543564782
RAPIDEYE 1              
1 33314U 08040C   19043.16352756  .00000030  00000-0  10663-4 0  9991
2 33314  97.7618 115.8642 0023235 193.3612 166.7004 14.79925668564838
RAPIDEYE 3              
1 33315U 08040D   19043.13227308  .00000005  00000-0  73491-5 0  9994
2 33315  97.7717 114.6833 0013051 128.9656 231.2718 14.79921097564792
RAPIDEYE 4              
1 33316U 08040E   19043.12010762  .00000023  00000-0  97882-5 0  9998
2 33316  97.7748 114.4804 0012964  78.8569 281.4098 14.79919915564784
HUANJING 1A (HJ-1A)     
1 33320U 08041A   19043.12232287  .00000041  00000-0  13088-4 0  9997
2 33320  97.8569 104.9953 0024821 229.4762 130.4296 14.76994828562070
HUANJING 1B (HJ-1B)     
1 33321U 08041B   19043.09244391  .00000128  00000-0  25329-4 0  9990
2 33321  97.8633 106.7076 0033288 247.7302 112.0381 14.77097764562063
GEOEYE 1                
1 33331U 08042A   19043.10106877  .00000074  00000-0  23048-4 0  9996
2 33331  98.1081 119.6171 0010199 157.0370 203.1268 14.64306789557626
THEOS                   
1 33396U 08049A   19043.13657002  .00000169  00000-0  10000-3 0  9996
2 33396  98.7006 112.3750 0001057  95.0846 325.0542 14.20044547537333
COSMO-SKYMED 3          
1 33412U 08054A   19043.08949185  .00000331  00000-0  48114-4 0  9990
2 33412  97.8870 228.2457 0001406  81.4638 278.6726 14.82155099557251
YAOGAN 4                
1 33446U 08061A   19043.04215632  .00000070  00000-0  16779-4 0  9996
2 33446  97.6581  16.4766 0017233 132.0730 228.1950 14.76926119549292
GOSAT (IBUKI)           
1 33492U 09002A   19043.07653453 -.00000138  00000-0 -15987-4 0  9990
2 33492  98.0213 157.9376 0001226  80.4100 279.7220 14.67571426538545
YAOGAN 6                
1 34839U 09021A   19043.14405270  .00000441  00000-0  19386-4 0  9999
2 34839  97.0678  73.9118 0027351 334.4002  25.5881 15.26437936544850
DEIMOS-1                
1 35681U 09041A   19043.09700444  .00000037  00000-0  13618-4 0  9995
2 35681  97.8802 289.0697 0001797 140.6613 219.4722 14.71771113512115
DUBAISAT-1              
1 35682U 09041B   19043.15373827 -.00000010  00000-0  60671-5 0  9998
2 35682  97.7347 243.3285 0012316  23.3039 336.8723 14.68715497511004
OCEANSAT-2              
1 35931U 09051A   19042.85914320  .00000063  00000-0  27183-4 0  9998
2 35931  98.3004 139.7001 0002921 115.5870 244.5627 14.50854346497032
WORLDVIEW-2 (WV-2)      
1 35946U 09055A   19043.11792576  .00000142  00000-0  61656-4 0  9996
2 35946  98.4468 121.0831 0002093  52.0923 308.0421 14.37608133490422
SMOS                    
1 36036U 09059A   19042.63436601  .00000075  00000-0  37754-4 0  9998
2 36036  98.4424 231.7016 0000941  89.9535 270.1761 14.39759904487457
YAOGAN 7                
1 36110U 09069A   19043.11650495  .00000008  00000-0  93436-5 0  9991
2 36110  98.2635 223.1939 0024216 346.7768  13.2789 14.75178987494061
TANDEM-X                
1 36605U 10030A   19042.32147086 -.00000036  00000-0  14765-5 0  9999
2 36605  97.4458  51.3527 0001756  80.6766 336.7981 15.19152168479336
CARTOSAT-2B             
1 36795U 10035A   19043.15923388  .00000043  00000-0  12995-4 0  9992
2 36795  97.9887 103.3141 0013279 229.8484 130.1562 14.78632183463589
YAOGAN 10               
1 36834U 10038A   19043.14744463 -.00000008  00000-0  58022-5 0  9997
2 36834  97.9626  44.2694 0001447  87.1044 273.0333 14.80898878460017
COSMO-SKYMED 4          
1 37216U 10060A   19043.11904103  .00000014  00000-0  82765-5 0  9990
2 37216  97.8860 228.2739 0001361  80.8280 279.3078 14.82157327447347
RESOURCESAT-2           
1 37387U 11015A   19043.08998709 -.00000004  00000-0  18297-4 0  9999
2 37387  98.7301 119.6996 0004296  44.7735 315.3794 14.21619919405622
HAIYANG 2A              
1 37781U 11043A   19043.31237739  .00000573  00000-0  60714-3 0  9993
2 37781  99.3230  54.4242 0000868 124.3595 235.7590 13.78721098377369
RASAT                   
1 37791U 11044D   19043.13800918  .00000013  00000-0  11496-4 0  9993
2 37791  98.1201 137.6976 0022583  20.5814 339.6295 14.64703435400322
MEGHA-TROPIQUES         
1 37838U 11058A   19042.54685446  .00000350  00000-0  48597-4 0  9997
2 37838  19.9781  99.9105 0009265 209.2106 150.7780 14.09701198311240
SRMSAT                  
1 37841U 11058D   19042.47228935  .00000282  00000-0  97773-5 0  9994
2 37841  19.9726  80.3869 0011645 238.7973 261.0162 14.10624226378610
YAOGAN 13               
1 37941U 11072A   19043.14137178  .00000632  00000-0  34572-4 0  9990
2 37941  97.5202 335.7170 0001918  19.8138  93.3034 15.17855268399434
PLEIADES 1A             
1 38012U 11076F   19043.13466614 -.00000036  00000-0  20454-5 0  9997
2 38012  98.1758 119.5787 0001251  91.1678 268.9667 14.58565913381040
ZIYUAN 1-02C (ZY 1-02C) 
1 38038U 11079A   19043.09500450  .00000067  00000-0  37666-4 0  9995
2 38038  98.2601  94.4075 0001834  93.7844 266.3559 14.35488301374287
ZIYUAN 3 (ZY 3)         
1 38046U 12001A   19043.12236071  .00000499  00000-0  25462-4 0  9999
2 38046  97.4679 117.9681 0004480 106.0395 283.5663 15.21239962393927
RISAT-1                 
1 38248U 12017A   19033.11353002 -.00000063  00000-0  27193-7 0  9996
2 38248  97.5701  43.4221 0004349 147.4948 252.9106 15.09712979372983
ARIRANG-3 (KOMPSAT-3)   
1 38338U 12025B   19043.08561711  .00000039  00000-0  17285-4 0  9990
2 38338  98.1502 342.6437 0008609 236.0078 124.0310 14.61736696359546
KANOPUS-V 1             
1 38707U 12039A   19043.10741464  .00000457  00000-0  25096-4 0  9996
2 38707  97.4577 323.3515 0001840  78.0513  35.0626 15.18968958363919
EXACTVIEW-1 (ADS-1B)    
1 38709U 12039C   19043.04481956 -.00000025  00000-0  10124-4 0  9996
2 38709  99.1414  52.4249 0010866 326.9841  33.0657 14.23984621340918
SPOT 6                  
1 38755U 12047A   19043.08106551 -.00000046  00000-0  35824-7 0  9995
2 38755  98.2275 111.5758 0001124  81.7519 278.3813 14.58541864342119
PLEIADES 1B             
1 39019U 12068A   19043.10057379 -.00000033  00000-0  26502-5 0  9995
2 39019  98.1791 119.6190 0001344  88.3991 271.7388 14.58560869329895
GOKTURK 2               
1 39030U 12073A   19043.08974933  .00000037  00000-0  13465-4 0  9991
2 39030  98.0096 294.5329 0000741   5.5622 354.5604 14.72720248329586
LANDSAT 8               
1 39084U 13008A   19043.20537421  .00000051  00000-0  21332-4 0  9998
2 39084  98.2008 115.0024 0000915  95.0430 265.0896 14.57114774319169
SARAL                   
1 39086U 13009A   19043.19082309 -.00000018  00000-0  95820-5 0  9997
2 39086  98.5390 231.3366 0000094 158.8306 201.2881 14.32031669311697
GAOFEN 1                
1 39150U 13018A   19043.07938201  .00000054  00000-0  15041-4 0  9992
2 39150  97.9092 126.1206 0017667 265.3509  94.5687 14.76534950312505
VNREDSAT 1              
1 39160U 13021B   19043.08626114  .00000040  00000-0  17138-4 0  9999
2 39160  98.1956 119.4644 0001400  61.2847 298.8498 14.62936561308047
ARIRANG-5 (KOMPSAT-5)   
1 39227U 13042A   19043.10014458 -.00000551  00000-0 -35046-4 0  9998
2 39227  97.6131 229.0803 0001572  84.7973  28.3684 15.04509932300641
YAOGAN 18               
1 39363U 13059A   19043.12122964  .00000333  00000-0  19564-4 0  9994
2 39363  97.3160 104.7342 0000876 120.6133 323.1738 15.17984205293092
SKYSAT-1                
1 39418U 13066C   19043.13647698 -.00000287  00000-0 -18821-4 0  9995
2 39418  97.6612 127.2849 0022940  54.0410 306.2929 14.98787641285687
DUBAISAT-2              
1 39419U 13066D   19043.12947512  .00000069  00000-0  11691-4 0  9997
2 39419  97.6084 109.5695 0015237  52.8240 307.4384 14.93945004284817
GPM-CORE                
1 39574U 14009C   19042.94176971  .00002543  00000-0  41314-4 0  9993
2 39574  65.0080  23.2793 0010907 285.5044  74.4898 15.55479397281589
SENTINEL-1A             
1 39634U 14016A   19043.12739571 -.00000235  00000-0 -40152-4 0  9997
2 39634  98.1811  52.1183 0001216  77.2106 282.9232 14.59197257258911
KAZEOSAT 1              
1 39731U 14024A   19043.13036133  .00000004  00000-0  14403-4 0  9991
2 39731  98.3660 122.2324 0001430  75.0379 285.0973 14.42033891252077
ALOS-2                  
1 39766U 14029A   19043.09085018  .00000051  00000-0  13690-4 0  9994
2 39766  97.9204 141.7432 0001516  85.8975 274.2411 14.79472278255049
KAZEOSAT 2              
1 40010U 14033A   19043.11813133  .00000046  00000-0  12352-4 0  9991
2 40010  97.8512 304.8256 0017814 103.0760 257.2460 14.82101742251548
HODOYOSHI-4             
1 40011U 14033B   19043.05493089  .00000087  00000-0  17872-4 0  9996
2 40011  97.8316 299.2514 0028163 102.0910 258.3464 14.81074221251287
DEIMOS-2                
1 40013U 14033D   19043.08489280  .00000089  00000-0  16767-4 0  9993
2 40013  97.8505 309.2026 0001962 112.2603 247.8824 14.84591672251964
HODOYOSHI-3             
1 40015U 14033F   19042.93261014  .00000061  00000-0  15186-4 0  9995
2 40015  97.8057 290.2925 0038306 115.6989 244.8185 14.78460433250803
SPOT 7                  
1 40053U 14034A   19043.11567489 -.00000037  00000-0  18014-5 0  9992
2 40053  98.1588 111.7954 0001390  94.1626 265.9735 14.58576369246050
SKYSAT-2                
1 40072U 14037D   19042.98915517  .00000061  00000-0  15283-4 0  9999
2 40072  98.4030 190.5121 0005745 268.7524  91.3026 14.81149427248504
WORLDVIEW-3 (WV-3)      
1 40115U 14048A   19043.09782864  .00000125  00000-0  20822-4 0  9995
2 40115  97.8200 124.2011 0001928 109.4578 250.6915 14.84990110243873
YAOGAN 21               
1 40143U 14053A   19043.11337822  .00000683  00000-0  30409-4 0  9996
2 40143  97.2419 109.2623 0009008 197.2206 247.9433 15.24684828246588
YAOGAN 22               
1 40275U 14063A   19043.14347725 -.00000045  00000-0  00000+0 0  9991
2 40275 100.4548 157.3928 0006726 134.3441 225.8213 13.15332615207178
ASNARO                  
1 40298U 14070A   19043.11124041  .00000655  00000-0  33987-4 0  9996
2 40298  97.4502 127.7345 0001523  96.3222 347.6663 15.19588167236722
HODOYOSHI-1             
1 40299U 14070B   19043.12361330  .00000549  00000-0  26119-4 0  9993
2 40299  97.3586 125.4647 0014310 122.5401 301.9573 15.23205793237004
QSAT-EOS                
1 40301U 14070D   19043.12452399  .00001505  00000-0  61635-4 0  9998
2 40301  97.3382 122.8121 0027371 123.3644 324.2537 15.25506671236995
YAOGAN 23               
1 40305U 14071A   19043.11296475  .00000432  00000-0  24592-4 0  9992
2 40305  97.4813 341.9173 0002904  67.4325  58.2191 15.17969654235195
YAOGAN 24               
1 40310U 14072A   19043.10467773  .00000013  00000-0  93877-5 0  9997
2 40310  98.0665 171.0448 0015824 285.0530  74.8930 14.77259104228027
CBERS 4                 
1 40336U 14079A   19043.16440394 -.00000016  00000-0  93026-5 0  9998
2 40336  98.3862 113.5228 0001599  72.7596 287.3771 14.35495436219209
RESURS P2               
1 40360U 14087A   19043.14571760  .00000560  00000-0  19957-4 0  9997
2 40360  97.2613 136.1597 0010524 135.3073 319.2041 15.32944763231032
YAOGAN 26               
1 40362U 14088A   19043.12706197  .00000885  00000-0  36473-4 0  9994
2 40362  97.3007 120.7317 0003998 342.9316 104.3466 15.26624463230043
SMAP                    
1 40376U 15003A   19043.03735421  .00000040  00000-0  16803-4 0  9997
2 40376  98.1241  51.8138 0001996  73.2534 286.8916 14.63387892215359
KOMPSAT-3A              
1 40536U 15014A   19043.11407407  .00000676  00000-0  42906-4 0  9994
2 40536  97.5415 342.9343 0012073  40.9122 144.2500 15.12145034214469
SENTINEL-2A             
1 40697U 15028A   19043.07460861  .00000023  00000-0  25576-4 0  9995
2 40697  98.5680 119.3394 0001257  78.8213 281.3116 14.30818654190190
CARBONITE 1 (CBNT-1)    
1 40718U 15032D   19043.09067355  .00000141  00000-0  28636-4 0  9998
2 40718  97.9016 292.8478 0016973 359.2214   0.8973 14.74658640193393
YAOGAN 27               
1 40878U 15040A   19043.09607139 -.00000044  00000-0  00000+0 0  9997
2 40878 100.3083 100.8010 0007896 268.3580  91.6634 13.15961445166388
LAPAN-A2                
1 40931U 15052B   19043.11035226  .00000765  00000-0  17527-4 0  9991
2 40931   5.9977 239.2899 0012924 162.5945 197.4628 14.76598396182521
YAOGAN 28               
1 41026U 15064A   19043.10564444  .00000952  00000-0  35185-4 0  9996
2 41026  97.3872 174.8275 0008731 336.0179 128.9428 15.30174420182252
YAOGAN 29               
1 41038U 15069A   19042.79360014  .00000000  00000-0  68574-5 0  9998
2 41038  97.9646  28.0069 0002353  63.7015 296.4435 14.80394168173535
KENT RIDGE 1            
1 41167U 15077B   19042.44025150  .00000898  00000-0  14826-4 0  9996
2 41167  14.9845 104.7986 0011413  56.2378  51.5020 15.08990447174347
TELEOS 1                
1 41169U 15077D   19042.47688963  .00001137  00000-0  28227-4 0  9995
2 41169  14.9784  96.1533 0010844  69.6179  49.6088 15.10117939174428
JASON-3                 
1 41240U 16002A   19043.17697651 -.00000040  00000-0  89693-4 0  9993
2 41240  66.0421 305.5608 0007477 274.4703  85.5458 12.80929831143636
SENTINEL-3A             
1 41335U 16011A   19043.16953260 -.00000027  00000-0  70442-5 0  9996
2 41335  98.6244 111.9445 0001167 110.2926 249.8380 14.26737080155623
SENTINEL-1B             
1 41456U 16025A   19043.09262680 -.00000047  00000-0 -27559-6 0  9991
2 41456  98.1812  51.9106 0001279  77.3854 282.7494 14.59199295149077
ZIYUAN 3-2 (ZY 3-2)     
1 41556U 16033A   19043.11461950  .00000535  00000-0  26970-4 0  9999
2 41556  97.4087 122.4778 0001031  28.5989  60.6256 15.21323619150212
NUSAT-1 (FRESCO)        
1 41557U 16033B   19043.18128406  .00001046  00000-0  42335-4 0  9994
2 41557  97.4234 131.4319 0014687  31.0910 329.1195 15.26866885150781
NUSAT-2 (BATATA)        
1 41558U 16033C   19043.17657151  .00001119  00000-0  42641-4 0  9999
2 41558  97.4255 132.0687 0013799  33.5502 326.6609 15.28761495150805
CARTOSAT-2C             
1 41599U 16040A   19043.15282405  .00000468  00000-0  25310-4 0  9996
2 41599  97.3784 104.2792 0015145 119.4598 293.3134 15.19269736146506
SKYSAT-C1               
1 41601U 16040C   19043.11300323  .00003366  00000-0  14489-3 0  9990
2 41601  97.4172 123.3293 0001482  89.3562   0.1096 15.23297641146798
LAPAN-A3                
1 41603U 16040E   19043.15041220  .00000189  00000-0  12026-4 0  9990
2 41603  97.3792 104.8587 0014884 117.4105 295.2802 15.19665917146526
BIROS                   
1 41604U 16040F   19042.61574144  .00000337  00000-0  17940-4 0  9992
2 41604  97.3826 106.4524 0014057 109.5642 250.7113 15.21598208146571
SKYSAT-C4               
1 41771U 16058B   19043.12514817  .00000550  00000-0  26152-4 0  9996
2 41771  97.4140 115.9120 0001543  91.3138 326.6149 15.23278804133743
SKYSAT-C5               
1 41772U 16058C   19043.13636751  .00000407  00000-0  20125-4 0  9995
2 41772  97.4140 115.5023 0001604  94.1443 321.6558 15.23231440133733
SKYSAT-C2               
1 41773U 16058D   19043.10066376  .00000750  00000-0  34612-4 0  9990
2 41773  97.4158 116.0085 0001577  80.5621 343.4303 15.23260068133731
SKYSAT-C3               
1 41774U 16058E   19043.11362559  .00000557  00000-0  26435-4 0  9993
2 41774  97.4157 116.0102 0000690  84.8219 338.5762 15.23287175133738
ALSAT 1B                
1 41785U 16059C   19043.11698159 -.00000002  00000-0  88122-5 0  9992
2 41785  98.0838 105.7581 0032630  60.7801 299.6657 14.63309799127045
PATHFINDER 1            
1 41787U 16059E   19043.07740270  .00000024  00000-0  13671-4 0  9990
2 41787  98.0844 106.2706 0031512  59.1256 301.3043 14.63648411127062
SCATSAT 1               
1 41790U 16059H   19043.17130876 -.00000007  00000-0  92448-5 0  9992
2 41790  98.2283  91.1782 0019505  76.0452 284.2911 14.50889492125989
WORLDVIEW-4 (WV-4)      
1 41848U 16067A   19043.13107112 -.00004331  00000-0 -50249-3 0  9994
2 41848  97.8888 123.3208 0012123 197.0008 163.0793 14.84905797122039
GOKTURK 1A              
1 41875U 16073A   19043.12906282  .00000038  00000-0  16607-4 0  9994
2 41875  98.1485 299.4360 0001411  81.4552 278.6812 14.62758505116732
RESOURCESAT-2A          
1 41877U 16074A   19043.12210347 -.00000261  00000-0 -99424-4 0  9995
2 41877  98.6469 118.6427 0001341  64.3426 295.7910 14.21656231113238
CARTOSAT-2D             
1 41948U 17008A   19042.78534992  .00000318  00000-0  18284-4 0  9994
2 41948  97.4133 105.6226 0005133 275.4040  84.6582 15.19255020110310
SENTINEL-2B             
1 42063U 17013A   19043.10960984 -.00000002  00000-0  16005-4 0  9990
2 42063  98.5685 119.3871 0001143  85.9564 274.1753 14.30818450101111
ZHUHAI-1 02 (CAS 4B)    
1 42759U 17034B   19042.96612029 -.00000025  00000-0  12020-4 0  9990
2 42759  43.0168 206.7352 0010055 179.0569 324.7445 15.09481116 91683
NUSAT-3 (MILANESAT)     
1 42760U 17034C   19042.94554352  .00000063  00000-0  17257-4 0  9992
2 42760  43.0163 207.3785 0008765 198.0683 299.5421 15.09881962 91686
ZHUHAI-1 01 (CAS 4A)    
1 42761U 17034D   19043.16962963  .00000047  00000-0  16419-4 0  9990
2 42761  43.0180 205.2366 0010746 181.4508 155.0483 15.09558381 91705
CARTOSAT-2E             
1 42767U 17036C   19042.92620250  .00000364  00000-0  20551-4 0  9995
2 42767  97.4908 102.9641 0008804 324.7889  35.2763 15.19251265 90900
FORMOSAT-5              
1 42920U 17049A   19043.06056422 -.00000033  00000-0  30017-5 0  9993
2 42920  98.3400 122.5398 0011398  41.8412 318.3646 14.50827529 77766
SENTINEL-5P             
1 42969U 17064A   19042.83395972 -.00000018  00000-0  12316-4 0  9997
2 42969  98.7248 344.0512 0001132  82.6544 277.4761 14.19552597 69002
SKYSAT-C11              
1 42987U 17068A   19043.22783557  .00000463  00000-0  23505-4 0  9990
2 42987  97.4192 158.5623 0008586 309.1371  50.9101 15.21720565 71160
SKYSAT-C10              
1 42988U 17068B   19043.10935390  .00000714  00000-0  34702-4 0  9992
2 42988  97.4172 158.3411 0004327 346.2461 139.5738 15.21589264 71140
SKYSAT-C9               
1 42989U 17068C   19043.21881670  .00000693  00000-0  33686-4 0  9992
2 42989  97.4191 158.8819 0001317  76.3756 350.8985 15.21680406 71189
SKYSAT-C8               
1 42990U 17068D   19043.21063598  .00000701  00000-0  34039-4 0  9998
2 42990  97.4200 158.7560 0004367  17.9067  47.3852 15.21683545 71175
SKYSAT-C7               
1 42991U 17068E   19043.14075525  .00000711  00000-0  34490-4 0  9996
2 42991  97.4192 158.7077 0006541  22.7804  98.7189 15.21674091 71166
SKYSAT-C6               
1 42992U 17068F   19042.26568309  .00000777  00000-0  37404-4 0  9996
2 42992  97.4201 158.0334 0013353  67.4684 350.2244 15.21628048 71044
CARTOSAT-2F             
1 43111U 18004A   19043.11014543  .00000607  00000-0  32030-4 0  9994
2 43111  97.4517 106.5054 0004000 352.8995  62.7667 15.19262610 60116
MICROSAT-TD             
1 43128U 18004T   19043.16800920  .00013745  00000-0  11208-3 0  9999
2 43128  96.8261 102.5953 0006710 242.9115 117.1465 15.70695382 62149
NUSAT-4 (ADA)           
1 43195U 18015D   19043.15197024  .00000965  00000-0  43250-4 0  9991
2 43195  97.3769 172.6397 0019042  30.3217  87.3216 15.23471330 57066
NUSAT-5 (MARYAM)        
1 43204U 18015K   19043.14118347  .00001023  00000-0  45429-4 0  9998
2 43204  97.3778 172.6592 0018542  33.4620  91.8166 15.23663827 56663
SENTINEL-3B             
1 43437U 18039A   19043.21220842 -.00000012  00000-0  13122-4 0  9997
2 43437  98.6224 111.9219 0001259 127.3138 232.8158 14.26738280 41690
AEOLUS                  
1 43600U 18066A   19042.59318648 -.00000139  00000-0  00000+0 0  9997
2 43600  96.7312  51.2827 0009345 119.4907 240.5624 15.86720282 27373
ICESAT-2                
1 43613U 18070A   19042.28759665  .00001019  00000-0  36794-4 0  9991
2 43613  92.0038 288.8380 0003333  87.2527 272.9104 15.28290704 22727
HYSIS                   
1 43719U 18096A   19043.06613376  .00000009  00000-0  84001-5 0  9994
2 43719  97.9627 112.2122 0010879  24.2004 335.9732 14.78608749 11057
KAZSTSAT                
1 43783U 18099AB  19043.18740264 -.00000154  00000-0 -91386-5 0  9995
2 43783  97.7730 116.6124 0009532  27.5699 332.6024 14.93621028 10500
