SARSAT 7 (NOAA 15)      
1 25338U 98030A   19023.53135727  .00000002  00000-0  19762-4 0  9990
2 25338  98.7581  44.9743 0009674 311.2626  48.7719 14.25892325 76425
METEOSAT-8 (MSG-1)      
1 27509U 02040B   19022.70182281  .00000127  00000-0  00000+0 0  9991
2 27509   5.8424  56.1635 0002381 320.1509  39.8970  1.00278374 60158
GPS BIIR-08             
1 27663U 03005A   19023.45122747 -.00000053  00000-0  00000+0 0  9997
2 27663  56.4148 322.0385 0103664  29.3472  76.4118  2.00553301117111
GPS BIIR-11             
1 28190U 04009A   19022.86887479 -.00000061  00000-0  00000+0 0  9991
2 28190  56.2404  22.8524 0091386  76.1049 121.5875  2.00570362108777
GPS BIIR-12             
1 28361U 04023A   19023.05377674  .00000055  00000-0  00000+0 0  9992
2 28361  54.0528 196.1697 0128884 228.5593  15.1763  2.00565311106867
GPS BIIR-13             
1 28474U 04045A   19023.36377936 -.00000039  00000-0  00000+0 0  9999
2 28474  54.6160  73.6902 0189994 257.8675 213.8883  2.00567658104238
SARSAT 10 (NOAA 18)     
1 28654U 05018A   19023.56427543  .00000059  00000-0  56841-4 0  9992
2 28654  99.1182  68.1908 0013721 225.8302 134.1742 14.12399864704881
GPS BIIR-14M            
1 28874U 05038A   19023.21303157 -.00000063  00000-0  00000+0 0  9991
2 28874  56.3710  20.1748 0132260 260.9107 209.7755  2.00563085 97633
METEOSAT-9 (MSG-2)      
1 28912U 05049B   19022.00389556  .00000010  00000-0  00000+0 0  9990
2 28912   3.3639  71.5195 0000726 311.0344 103.2131  1.00275069 47975
GOES 13                 
1 29155U 06018A   19022.82750195 -.00000294  00000-0  00000+0 0  9993
2 29155   0.3331 101.7991 0007663 313.1952 305.0527  1.00269979 46429
SARSAT 11 (METOP-A)     
1 29499U 06044A   19023.50072715  .00000002  00000-0  20602-4 0  9995
2 29499  98.5973  80.6809 0000235  58.6325  53.7685 14.21540473636297
GPS BIIR-16M            
1 29601U 06052A   19023.11641650 -.00000051  00000-0  00000+0 0  9996
2 29601  56.3933 320.9680 0071470  57.8156 302.8910  2.00559440 89265
GPS BIIR-17M            
1 32260U 07047A   19023.43023517  .00000051  00000-0  00000+0 0  9996
2 32260  53.1763 191.9760 0110551  42.6070 318.2173  2.00568264 82643
GPS BIIR-18M            
1 32384U 07062A   19023.49234858 -.00000064  00000-0  00000+0 0  9993
2 32384  56.4513  20.7911 0004069  82.7961  99.4082  2.00575748 81388
SARSAT 12 (NOAA 19)     
1 33591U 09005A   19023.53930561  .00000046  00000-0  50002-4 0  9993
2 33591  99.1676  11.2201 0014909  69.7010 290.5762 14.12330485513285
GOES 14                 
1 35491U 09033A   19022.95031261 -.00000104  00000-0  00000+0 0  9993
2 35491   0.0580 268.1429 0010413 334.5932 117.1328  1.00270250 35061
GOES 15                 
1 36411U 10008A   19023.01613876  .00000041  00000-0  00000+0 0  9995
2 36411   0.1038 271.6968 0004092 324.2274 124.0117  1.00281795 32584
GLONASS-K 1             
1 37372U 11009A   19022.68566170 -.00000020  00000-0  00000+0 0  9998
2 37372  65.6765  44.9231 0010163 237.7712 254.9081  2.13107683 61504
GPS BIIF-2              
1 37753U 11036A   19023.53605382 -.00000036  00000-0  00000+0 0  9992
2 37753  55.8131  77.4734 0081536  38.0534 321.4024  2.00565237 55082
GSAT0101 (GALILEO-PFM)  
1 37846U 11060A   19021.86507246 -.00000040  00000-0  00000+0 0  9991
2 37846  56.2718  55.4379 0004333 311.0309  49.0040  1.70475602 45167
GSAT0102 (GALILEO-FM2)  
1 37847U 11060B   19021.79069071 -.00000040  00000-0  00000-0 0  9994
2 37847  56.2727  55.4391 0006070 298.5140  61.9125  1.70475516 45165
LUCH 5A                 
1 37951U 11074B   19023.21556539 -.00000069  00000-0  00000+0 0  9994
2 37951   2.2112 135.6660 0004098 169.2488  60.6688  1.00271214 26090
METEOSAT-10 (MSG-3)     
1 38552U 12035B   19022.63624773  .00000052  00000-0  00000+0 0  9992
2 38552   0.9897   6.9257 0001460 289.7998  63.2369  1.00274176 24126
SARSAT 13 (METOP-B)     
1 38771U 12049A   19023.18694337 -.00000002  00000-0  19268-4 0  9991
2 38771  98.7256  84.4094 0001630  61.6514   3.0377 14.21479401329385
GPS BIIF-3              
1 38833U 12053A   19023.02160365  .00000037  00000-0  00000+0 0  9993
2 38833  53.8355 254.4252 0079636  32.0767 328.4833  2.00556310 46144
GSAT0103 (GALILEO-FM3)  
1 38857U 12055A   19022.49325769  .00000043  00000-0  00000+0 0  9999
2 38857  54.9221 175.8869 0001641 236.2647 123.6637  1.70473583 39088
GSAT0104 (GALILEO-FM4)  
1 38858U 12055B   19022.42749349  .00000043  00000-0  00000+0 0  9997
2 38858  54.9229 175.8874 0000481 211.6933 148.2479  1.70473562 39038
GPS BIIF-4              
1 39166U 13023A   19023.38452562 -.00000066  00000-0  00000+0 0  9996
2 39166  56.0595  16.9922 0064515  22.3640 337.9264  2.00568602 41686
INSAT-3D                
1 39216U 13038B   19023.43176261 -.00000167  00000-0  00000+0 0  9995
2 39216   0.0467 262.5078 0001183  67.1336  30.3254  1.00271457 20218
GPS BIIF-5              
1 39533U 14008A   19022.88260603  .00000032  00000-0  00000+0 0  9997
2 39533  53.9718 259.8095 0036412 190.6506 169.3521  2.00567614 36039
LUCH 5V                 
1 39727U 14023A   19022.02212789 -.00000274  00000-0  00000-0 0  9997
2 39727   1.5215 301.3338 0003195  28.9076 253.5271  1.00271404535417
GPS BIIF-6              
1 39741U 14026A   19023.16656218 -.00000033  00000-0  00000+0 0  9993
2 39741  55.7942  77.0130 0016004 288.5529  71.3446  2.00551132 34322
GPS BIIF-7              
1 40105U 14045A   19022.75436048  .00000057  00000-0  00000+0 0  9996
2 40105  54.5791 196.4060 0012543  98.6859 261.4391  2.00554465 32764
GSAT0201 (GALILEO 5)    
1 40128U 14050A   19023.42288769 -.00000086  00000-0  00000+0 0  9990
2 40128  50.5426  21.7784 1658191  82.8797 295.6638  1.85519443 30136
GSAT0202 (GALILEO 6)    
1 40129U 14050B   19022.61051568 -.00000082  00000-0  00000-0 0  9993
2 40129  50.5882  20.8289 1657714  83.7361 294.8727  1.85520116 30342
GPS BIIF-8              
1 40294U 14068A   19023.12397483  .00000007  00000-0  00000+0 0  9996
2 40294  55.1329 137.2261 0017508  32.2354 327.8565  2.00572459 30999
GLONASS-K 2             
1 40315U 14075A   19023.48929534  .00000007  00000-0  00000+0 0  9995
2 40315  64.1126 284.7856 0015212 210.0309 287.0316  2.13098495 32284
GPS BIIF-9              
1 40534U 15013A   19023.26740182 -.00000049  00000-0  00000+0 0  9994
2 40534  54.6090 315.8595 0035473   2.0909 357.9486  2.00550197 28067
GSAT0203 (GALILEO 7)    
1 40544U 15017A   19022.23074307 -.00000042  00000-0  00000+0 0  9997
2 40544  56.0630  55.6337 0005335 258.6261 101.3847  1.70475125 23780
GSAT0204 (GALILEO 8)    
1 40545U 15017B   19022.01297871 -.00000041  00000-0  00000-0 0  9997
2 40545  56.0694  55.6534 0003104 242.8955 117.1445  1.70475349 23784
GPS BIIF-10             
1 40730U 15033A   19022.92129668 -.00000065  00000-0  00000+0 0  9994
2 40730  55.5863  16.4162 0042550 335.6593  24.1508  2.00562402 25815
METEOSAT-11 (MSG-4)     
1 40732U 15034A   19022.66004860 -.00000005  00000-0  00000-0 0  9999
2 40732   0.9937 230.0651 0001663 109.9351  19.9667  1.00282217 12944
GSAT0205 (GALILEO 9)    
1 40889U 15045A   19022.84297846 -.00000024  00000-0  00000+0 0  9992
2 40889  56.5622 296.1572 0004328   8.1051 351.9592  1.70474291 20945
GSAT0206 (GALILEO 10)   
1 40890U 15045B   19021.88952854 -.00000021  00000-0  00000-0 0  9992
2 40890  56.5616 296.1801 0002702 359.7803   0.2751  1.70474249 20954
GPS BIIF-11             
1 41019U 15062A   19022.97365991  .00000006  00000-0  00000+0 0  9997
2 41019  55.1355 137.0428 0043388 203.8292 155.9551  2.00564506 23631
ELEKTRO-L 2             
1 41105U 15074A   19023.54493679 -.00000109  00000-0  00000+0 0  9990
2 41105   0.0665 197.4892 0001145 131.0670  66.2370  1.00271971 11430
GSAT0209 (GALILEO 12)   
1 41174U 15079A   19022.64730486  .00000042  00000-0  00000+0 0  9996
2 41174  54.9364 175.5758 0003202 319.8353  40.0847  1.70473545 19286
GSAT0208 (GALILEO 11)   
1 41175U 15079B   19022.86716710  .00000042  00000-0  00000-0 0  9996
2 41175  54.9343 175.5698 0002383 326.3633  33.5653  1.70473575 19296
GPS BIIF-12             
1 41328U 16007A   19023.06694640  .00000057  00000-0  00000+0 0  9993
2 41328  54.8255 196.7437 0026091 213.6907 146.1258  2.00554565 21699
GSAT0211 (GALILEO 14)   
1 41549U 16030A   19021.81614011 -.00000020  00000-0  00000-0 0  9991
2 41549  56.7028 295.9861 0003441 320.7930  39.2377  1.70474068 16587
GSAT0210 (GALILEO 13)   
1 41550U 16030B   19022.69585936 -.00000023  00000-0  00000-0 0  9996
2 41550  56.7021 295.9639 0002445 290.3528  69.6785  1.70474121 16594
INSAT-3DR               
1 41752U 16054A   19022.45653985 -.00000085  00000-0  00000+0 0  9997
2 41752   0.0473  98.4723 0013824 178.1580  83.1883  1.00270670  8705
GSAT0207 (GALILEO 15)   
1 41859U 16069A   19022.35399628  .00000043  00000-0  00000+0 0  9994
2 41859  54.5941 176.0750 0002672 301.9903  57.9279  1.70473485 13557
GSAT0212 (GALILEO 16)   
1 41860U 16069B   19021.62083514  .00000046  00000-0  00000+0 0  9992
2 41860  54.5914 176.0953 0002300 341.4572  18.4803  1.70473467 13569
GSAT0213 (GALILEO 17)   
1 41861U 16069C   19022.57358279  .00000042  00000-0  00000+0 0  9997
2 41861  54.5940 176.0717 0001668 258.9921 100.9332  1.70473638 13589
GSAT0214 (GALILEO 18)   
1 41862U 16069D   19022.72047127  .00000042  00000-0  00000+0 0  9992
2 41862  54.5926 176.0637 0000942 269.6873  90.2458  1.70473568 13575
GOES 16                 
1 41866U 16071A   19022.87020751 -.00000258  00000-0  00000+0 0  9999
2 41866   0.0221 121.5922 0000649 205.4746  32.9043  1.00271945  8010
GSAT-17                 
1 42815U 17040B   19023.40005410 -.00000268  00000-0  00000+0 0  9997
2 42815   0.0622 273.4151 0006017 358.0376  88.4521  1.00269430  5784
GSAT0215 (GALILEO 19)   
1 43055U 17079A   19022.03451075 -.00000020  00000-0  00000+0 0  9992
2 43055  56.6772 295.8324 0001706 288.3741  71.6640  1.70473297  6901
GSAT0216 (GALILEO 20)   
1 43056U 17079B   19021.74102495 -.00000020  00000-0  00000+0 0  9999
2 43056  56.6778 295.8399 0003637 278.1494  81.8651  1.70473372  6883
GSAT0217 (GALILEO 21)   
1 43057U 17079C   19023.13420061 -.00000025  00000-0  00000+0 0  9992
2 43057  56.6747 295.8032 0003363 293.8689  66.1541  1.70473357  6922
GSAT0218 (GALILEO 22)   
1 43058U 17079D   19022.76755972 -.00000023  00000-0  00000+0 0  9991
2 43058  56.6753 295.8103 0003993 272.7959  87.2165  1.70473385  6910
GOES 17                 
1 43226U 18022A   19023.04201266  .00000087  00000-0  00000+0 0  9990
2 43226   0.0354  97.7433 0003445 264.4909 357.7419  1.00270688  3342
GSAT0221 (GALILEO 25)   
1 43564U 18060A   19022.67121756 -.00000043  00000-0  00000+0 0  9993
2 43564  56.4559  55.1133 0006248 271.6931  88.3036  1.70476140  3107
GSAT0222 (GALILEO 26)   
1 43565U 18060B   19021.71799730 -.00000039  00000-0  00000+0 0  9996
2 43565  56.4572  55.1385 0006018 277.4158  82.5884  1.70476212  3121
GSAT0219 (GALILEO 23)   
1 43566U 18060C   19022.52439994 -.00000043  00000-0  00000-0 0  9996
2 43566  56.4585  55.1174 0005694 274.0549  85.9491  1.70476015  3119
GSAT0220 (GALILEO 24)   
1 43567U 18060D   19023.33084114 -.00000047  00000-0  00000+0 0  9990
2 43567  56.4588  55.0953 0005850 274.9004  85.0978  1.70475868  3101
