LEMUR-1                 
1 40044U 14033AL  19197.86090533  .00000090  00000-0  20829-4 0  9998
2 40044  97.7536  64.0003 0059445   9.1798 351.0483 14.74106477272326
LEMUR-2-JOEL            
1 40932U 15052C   19198.47264967  .00000757  00000-0  14840-4 0  9994
2 40932   6.0068 197.0056 0014118 235.9903 123.8883 14.77847435205655
LEMUR-2-CHRIS           
1 40933U 15052D   19197.51942189  .00000769  00000-0  16283-4 0  9994
2 40933   6.0046 201.3743 0014708 229.1420 130.7432 14.77995484205530
LEMUR-2-PETER           
1 40935U 15052F   19197.55496646  .00000765  00000-0  17207-4 0  9995
2 40935   6.0025 215.2174 0010549 195.8633 164.1164 14.77134272205392
LEMUR-2-XIAOQING        
1 41871U 16062C   19197.80768175  .00000039  00000-0  14932-4 0  9990
2 41871  51.6406  67.9382 0007054  94.9017 265.2767 15.25667853146808
LEMUR-2-SOKOLSKY        
1 41872U 16062D   19197.85991684  .00001912  00000-0  87856-4 0  9995
2 41872  51.6854  71.2494 0002840 203.7238 156.3610 15.25469167146794
LEMUR-2-ANUBHAVTHAKUR   
1 41873U 16062E   19198.12786402  .00000530  00000-0  36074-4 0  9998
2 41873  51.7081  77.3968 0005151  58.5682 301.5799 15.23276576146686
LEMUR-2-WINGO           
1 41874U 16062F   19198.24172633  .00001344  00000-0  66371-4 0  9994
2 41874  51.6580  69.3760 0012296  21.1864 338.9622 15.25168410146810
LEMUR-2-JOBANPUTRA      
1 41991U 17008AV  19198.17816134  .00000709  00000-0  31959-4 0  9996
2 41991  97.4011 263.6279 0008958  57.0259 303.1838 15.24257554133554
LEMUR-2-SPIRE-MINIONS   
1 41992U 17008AW  19198.18262741  .00001057  00000-0  44891-4 0  9993
2 41992  97.4027 264.4589 0008708  55.6476 304.5584 15.25254112133600
LEMUR-2-SATCHMO         
1 41993U 17008AX  19197.75804651  .00000775  00000-0  34463-4 0  9998
2 41993  97.4011 263.4159 0008905  57.6757 302.5342 15.24451063133501
LEMUR-2-SMITA-SHARAD    
1 41994U 17008AY  19197.94581549  .00001078  00000-0  45779-4 0  9997
2 41994  97.4025 264.1339 0008761  55.4922 304.7142 15.25206745133569
LEMUR-2-RDEATON         
1 41995U 17008AZ  19197.85885902  .00000787  00000-0  34876-4 0  9990
2 41995  97.4013 263.6048 0010134  67.9226 292.3086 15.24514798134200
LEMUR-2-TACHIKOMA       
1 41996U 17008BA  19197.75416748  .00001058  00000-0  45114-4 0  9997
2 41996  97.4043 264.0457 0009956  67.7587 292.4706 15.25104323133435
LEMUR-2-NOGUECORREIG    
1 41997U 17008BB  19197.86868264  .00001058  00000-0  44833-4 0  9991
2 41997  97.4038 264.3416 0009910  66.9152 293.3129 15.25311680133555
LEMUR-2-MIA-GRACE       
1 41998U 17008BC  19198.16775838  .00000720  00000-0  32240-4 0  9994
2 41998  97.4011 263.7895 0010049  67.6199 292.6102 15.24407793133480
LEMUR-2-ANGELA          
1 42752U 17019B   19198.42007589  .00001022  00000-0  46402-4 0  9996
2 42752  51.6422 351.2747 0009983 179.2138 180.8860 15.30448209117614
LEMUR-2-JENNYBARNA      
1 42753U 17019C   19198.45070869  .00000862  00000-0  39833-4 0  9992
2 42753  51.6420 347.8053 0009628 181.6654 178.4297 15.31538200117619
LEMUR-2-ROBMOORE        
1 42754U 17019D   19198.46430571  .00000349  00000-0  24002-4 0  9996
2 42754  51.6421 351.5493 0009936 181.6433 178.4516 15.30344405117590
LEMUR-2-SPIROVISION     
1 42755U 17019E   19198.02978075  .00002369  00000-0  88344-4 0  9998
2 42755  51.6422 349.9918 0010003 183.4664 272.4126 15.31605091117468
LEMUR-2-SHAINAJOHL      
1 42771U 17036G   19197.78418723  .00000987  00000-0  45916-4 0  9998
2 42771  97.3505 254.3791 0016158 118.9355 241.3504 15.22142388114502
LEMUR-2-XUENITERENCE    
1 42772U 17036H   19198.46492134  .00000948  00000-0  44032-4 0  9998
2 42772  97.3485 255.0758 0015776 115.9345 244.3519 15.22317838114617
LEMUR-2-LUCYBRYCE       
1 42773U 17036J   19198.40958941  .00000728  00000-0  34396-4 0  9994
2 42773  97.3522 255.4311 0015697 115.2644 245.0221 15.22421830114623
LEMUR-2-KUNGFOO         
1 42774U 17036K   19198.37549411  .00000913  00000-0  42516-4 0  9998
2 42774  97.3505 255.1124 0015605 116.1758 244.1086 15.22294207114590
LEMUR-2-LYNSEY-SYMO     
1 42779U 17036Q   19197.91633428  .00001448  00000-0  63356-4 0  9993
2 42779  97.3523 255.8103 0013485 123.3012 236.9519 15.23580971114582
LEMUR-2-LISASAURUS      
1 42780U 17036R   19197.92660642  .00000739  00000-0  34424-4 0  9990
2 42780  97.3512 255.4210 0013615 123.8055 236.4481 15.22900060114570
LEMUR-2-SAM-AMELIA      
1 42781U 17036S   19197.94159079  .00000774  00000-0  35636-4 0  9995
2 42781  97.3526 255.7544 0013627 123.5086 236.7455 15.23153952114589
LEMUR-2-MCPEAKE         
1 42782U 17036T   19198.09202171  .00000941  00000-0  42705-4 0  9996
2 42782  97.3520 255.8689 0013254 122.8523 237.3992 15.23161511114605
LEMUR-2-GREENBERG       
1 42837U 17042N   19198.28301627  .00000075  00000-0  12692-4 0  9991
2 42837  97.5635  90.7888 0012347 328.3355  31.7120 14.91882716109255
LEMUR-2-ANDIS           
1 42838U 17042P   19198.13740865  .00000128  00000-0  18015-4 0  9991
2 42838  97.5635  90.6735 0012404 327.9127  32.1337 14.91897507109239
LEMUR-2-MONSON          
1 42839U 17042Q   19198.49607900  .00000150  00000-0  20209-4 0  9996
2 42839  97.5638  90.9690 0012140 327.0216  33.0245 14.91737493109283
LEMUR-2-FURIAUS         
1 42840U 17042R   19198.50294809  .00000212  00000-0  26245-4 0  9995
2 42840  97.5635  91.1029 0012253 326.8180  33.2270 14.91893110109282
LEMUR-2-PETERG          
1 42841U 17042S   19197.94710166  .00000085  00000-0  13643-4 0  9998
2 42841  97.5644  90.7836 0011835 326.8287  33.2189 14.92116695109227
LEMUR-2-DEMBITZ         
1 42842U 17042T   19198.27318706  .00000105  00000-0  15601-4 0  9999
2 42842  97.5639  91.1006 0011925 326.2302  33.8157 14.92130802109270
LEMUR-2-ZACHARY         
1 42845U 17042W   19198.50403934  .00000330  00000-0  37505-4 0  9993
2 42845  97.5583  91.0778 0012203 328.7587  31.2906 14.92370035109311
LEMUR-2-ARTFISCHER      
1 42881U 17042BJ  19197.87066208  .00002483  00000-0  66480-4 0  9996
2 42881  96.9368  78.7249 0013585 110.7912 249.4791 15.38816325112255
LEMUR-2-ROCKETJONAH     
1 43041U 17071E   19197.57105847  .00003014  00000-0  74598-4 0  9997
2 43041  51.6384 270.6232 0000842 137.8799 222.2252 15.43783420 92758
LEMUR-2-YONGLIN         
1 43045U 17071J   19197.59977187  .00004205  00000-0  97988-4 0  9998
2 43045  51.6388 268.6080 0003582 248.3137 111.7468 15.44548518 90513
LEMUR-2-KEVIN           
1 43046U 17071K   19197.61922811  .00002717  00000-0  69112-4 0  9990
2 43046  51.6396 270.9937 0003403 244.7567 115.3067 15.43363758 90480
LEMUR-2-BRIANDAVIE      
1 43047U 17071L   19197.57009469  .00003000  00000-0  75190-4 0  9990
2 43047  51.6383 272.0889 0002390 291.0914  68.9817 15.43427729 90453
LEMUR-2-ROMACOSTE       
1 43048U 17071M   19198.50671246  .00002697  00000-0  67266-4 0  9999
2 43048  51.6386 266.3971 0002322 295.7279  64.3468 15.44001749 90616
LEMUR-2-MCCULLAGH       
1 43051U 17071Q   19198.48296863  .00002781  00000-0  69278-4 0  9997
2 43051  51.6391 266.2341 0001187  80.1208 279.9912 15.43902433 90563
LEMUR-2-DUNLOP          
1 43053U 17071S   19197.57300931  .00002949  00000-0  74758-4 0  9995
2 43053  51.6380 272.8443 0001248  71.8195 288.2927 15.43134674 90405
LEMUR-2-LIU-POU-CHUN    
1 43054U 17071T   19198.49753287  .00002274  00000-0  58825-4 0  9992
2 43054  51.6383 266.3161 0000623 149.9774 210.1248 15.43627502 90575
LEMUR-2-MCCAFFERTY      
1 43123U 18004N   19197.76798262  .00001254  00000-0  54302-4 0  9990
2 43123  97.4882 265.8283 0010708 145.7880 214.4049 15.24268167 83799
LEMUR-2-PETERWEBSTER    
1 43124U 18004P   19197.87451987  .00001401  00000-0  60526-4 0  9992
2 43124  97.4884 265.8404 0010846 144.7788 215.4168 15.24144482 83804
LEMUR-2-BROWNCOW        
1 43125U 18004Q   19197.88156483  .00001549  00000-0  66071-4 0  9991
2 43125  97.4885 265.9764 0010645 145.4304 214.7628 15.24425578 83817
LEMUR-2-DAVEWILSON      
1 43126U 18004R   19198.42773366  .00001374  00000-0  59122-4 0  9993
2 43126  97.4885 266.4842 0010747 144.2214 215.9745 15.24301557 83892
LEMUR-2-MARSHALL        
1 43165U 18010C   19198.44254537  .00001210  00000-0  54216-4 0  9997
2 43165  82.9180 351.1318 0032635 137.0347 223.3446 15.19703404 82328
LEMUR-2-TALLHAMN-ATC    
1 43167U 18010E   19197.98569290  .00001238  00000-0  59213-4 0  9994
2 43167  82.9211 353.2382 0025638 147.9009 212.3794 15.17685731 82154
LEMUR-2-JIN-LUEN        
1 43182U 18014C   19198.42814606  .00000733  00000-0  69964-4 0  9992
2 43182  97.7020 105.6420 0012436 274.0577  85.9223 14.96279479 79408
LEMUR-2-URAMCHANSOL     
1 43183U 18014D   19197.47794076  .00000411  00000-0  41469-4 0  9998
2 43183  97.7015 104.7363 0012535 277.5213  82.4585 14.96325270 79262
LEMUR-2-KADI            
1 43184U 18014E   19198.27213311  .00000187  00000-0  21618-4 0  9990
2 43184  97.7013 105.5398 0012575 275.8021  84.1767 14.96346849 79389
LEMUR-2-THENICKMOLO     
1 43185U 18014F   19197.79970446  .00000057  00000-0  10174-4 0  9997
2 43185  97.7019 105.0881 0012392 278.6495  81.3322 14.96333644 79319
LEMUR-2-VU              
1 43558U 18046E   19197.60483362  .00000965  00000-0  45761-4 0  9990
2 43558  51.6426 281.7363 0008012 169.0931 191.0224 15.29443691 55835
LEMUR-2-ALEXANDER       
1 43559U 18046F   19197.59541738  .00001296  00000-0  57009-4 0  9997
2 43559  51.6425 281.6771 0008091 169.3606 190.7547 15.29537515 55615
LEMUR-2-YUASA           
1 43560U 18046G   19197.60875346  .00000784  00000-0  39551-4 0  9999
2 43560  51.6426 281.7554 0008265 182.7811 177.3124 15.29417704 55831
LEMUR-2-TOMHENDERSON    
1 43561U 18046H   19197.60611874  .00000549  00000-0  31464-4 0  9998
2 43561  51.6426 281.7396 0008229 182.8402 177.2533 15.29380036 55394
LEMUR-2-ZUPANSKI        
1 43695U 18088F   19197.33066196  .00001521  00000-0  67777-4 0  9990
2 43695  85.0335 299.9962 0019869 102.8192 257.5271 15.20327471 37512
LEMUR-2-CHANUSIAK       
1 43697U 18088H   19198.06193532  .00001207  00000-0  52299-4 0  9992
2 43697  85.0396 299.5262 0018531  84.9003 275.4353 15.21075687 37684
LEMUR-2-ORZULAK         
1 43731U 18096N   19198.23806776  .00001217  00000-0  47937-4 0  9994
2 43731  97.4598 268.4283 0019601 231.8389 128.1085 15.27435337 35100
LEMUR-2-KOBYSZCZE       
1 43732U 18096P   19198.41763131  .00001465  00000-0  56807-4 0  9993
2 43732  97.4602 268.6525 0019674 231.6910 128.2560 15.27626140 35132
LEMUR-2-DULY            
1 43745U 18096AC  19197.90229227  .00001598  00000-0  61804-4 0  9993
2 43745  97.4597 268.1096 0019496 233.3610 126.5837 15.27576141 35060
LEMUR-2-VLADIMIR        
1 43746U 18096AD  19197.88778141  .00001631  00000-0  62789-4 0  9996
2 43746  97.4596 268.1239 0019572 233.7610 126.1820 15.27694317 35084
LEMUR-2-CHRISTINAHOLT   
1 43882U 18111G   19198.48627462  .00000711  00000-0  67596-4 0  9990
2 43882  97.7182 106.2790 0010212 292.0771  67.9365 14.96551512 28252
LEMUR-2-TINYKEV         
1 43883U 18111H   19197.81052868  .00000356  00000-0  36374-4 0  9994
2 43883  97.7183 105.6360 0010503 294.1589  65.8533 14.96613466 28153
LEMUR-2-REMY-COLTON     
1 43884U 18111J   19198.14348531  .00000404  00000-0  40551-4 0  9993
2 43884  97.7187 105.9760 0010229 293.2480  66.7665 14.96613823 28209
LEMUR-2-GUSTAVO         
1 43885U 18111K   19198.00242855  .00000110  00000-0  14716-4 0  9999
2 43885  97.7187 105.8591 0010334 292.3431  67.6695 14.96644388 28184
LEMUR-2-ZO              
1 43886U 18111L   19198.05836897 -.00000220  00000-0 -14147-4 0  9992
2 43886  97.7196 105.9513 0010212 292.2816  67.7322 14.96729831 28197
LEMUR-2-NATALIEMURRAY   
1 43887U 18111M   19197.97685444  .00000267  00000-0  28326-4 0  9996
2 43887  97.7202 105.9038 0010015 292.1878  67.8281 14.96850428 30180
LEMUR-2-SARAHBETTYBOO   
1 43888U 18111N   19198.16912895  .00000690  00000-0  65170-4 0  9990
2 43888  97.7208 106.1310 0009845 289.7487  70.2672 14.96907905 30219
LEMUR-2-DAISY-HARPER    
1 43889U 18111P   19198.29482724  .00000865  00000-0  80248-4 0  9995
2 43889  97.7205 106.2712 0009784 288.4643  71.5515 14.96975942 30223
LEMUR-2-JOHANLORAN      
1 44084U 19018G   19197.87647648  .00001406  00000-0  65099-4 0  9990
2 44084  97.4551 257.4839 0011888 268.4465  91.5409 15.21740787 16201
LEMUR-2-BEAUDACIOUS     
1 44085U 19018H   19197.94010829  .00001278  00000-0  59396-4 0  9994
2 44085  97.4551 257.5529 0011871 268.9793  91.0083 15.21763726 16212
LEMUR-2-ELHAM           
1 44086U 19018J   19197.93672991  .00001508  00000-0  69374-4 0  9991
2 44086  97.4555 257.5623 0011990 269.6451  90.3411 15.21842473 16217
LEMUR-2-VICTOR-ANDREW   
1 44087U 19018K   19197.60448818  .00001524  00000-0  69993-4 0  9990
2 44087  97.4555 257.2401 0011865 271.9581  88.0296 15.21876203 16167
LEMUR-2-LILLYJO         
1 44396U 19038L   19198.54508009  .00001360  00000-0  82916-4 0  9996
2 44396  97.4871 160.2585 0024136 201.4270 158.6095 15.11800215  1811
LEMUR-2-WANLI           
1 44402U 19038S   19198.14837280  .00000494  00000-0  32619-4 0  9998
2 44402  97.4885 159.8728 0024270 202.1872 157.8310 15.11738809  1766
LEMUR-2-MORAG           
1 44403U 19038T   19198.47931770  .00000783  00000-0  49498-4 0  9998
2 44403  97.4916 160.1916 0023021 204.3105 155.7041 15.11741737  1810
LEMUR-2-YNDRD           
1 44404U 19038U   19198.14776633  .00000360  00000-0  24746-4 0  9998
2 44404  97.4904 159.8714 0021730 207.0688 152.9411 15.11812496  1765
LEMUR-2-DUSTINTHEWIND   
1 44406U 19038W   19198.34637285  .00000175  00000-0  13978-4 0  9990
2 44406  97.4905 160.0660 0024230 199.9526 160.0760 15.11806183  1785
LEMUR-2-ALEX-MADDY      
1 44407U 19038X   19197.88337588  .00000414  00000-0  27944-4 0  9996
2 44407  97.4910 159.6062 0022943 206.7668 153.2380 15.11766829  1712
LEMUR-2-EJATTA          
1 44409U 19038Z   19198.41184770  .00000800  00000-0  50224-4 0  9997
2 44409  97.4868 160.1307 0024053 200.5394 159.4871 15.11904496  1804
LEMUR-2-GREGROBINSON    
1 44411U 19038AB  19198.41368865  .00000493  00000-0  32630-4 0  9998
2 44411  97.4923 160.1269 0023089 205.1717 154.8389 15.11668285  1473
