STARLINK-31             
1 44235U 19029A   20073.91667824  .00003803  00000-0  23532-3 0  9996
2 44235  53.0041 284.0545 0002576  90.8337 258.7897 15.12107506  1815
STARLINK-22             
1 44236U 19029B   20073.91667824  .00024106  00000-0  36224-3 0  9998
2 44236  53.0054 272.9504 0007467 329.8093 323.8115 15.54740209 45903
STARLINK-23             
1 44237U 19029C   20073.91667824  .00005488  00000-0  33187-3 0  9996
2 44237  53.0010 283.8432 0002506  84.8333 228.7485 15.12109576 44644
STARLINK-24             
1 44238U 19029D   20073.89414463  .00001346  00000-0  93249-4 0  9998
2 44238  52.9979 283.1464 0002056  90.7086 269.4140 15.12551572 43024
STARLINK-25             
1 44239U 19029E   20073.91667824  .00000427  00000-0  41645-4 0  9995
2 44239  53.0072 284.3064 0002655  88.1944 315.3839 15.12124084 44569
STARLINK-26             
1 44240U 19029F   20073.91667824  .00045036  00000-0  99492-3 0  9994
2 44240  53.0100 259.8415 0002606  86.5630 183.1507 15.43428858 44978
STARLINK-27             
1 44241U 19029G   20073.91667824  .00002671  00000-0  17019-3 0  9998
2 44241  53.0063 284.1834 0001971  78.9547 288.7225 15.12143841  1827
STARLINK-28             
1 44242U 19029H   20073.91667824  .00027067  00000-0  41194-3 0  9996
2 44242  52.9961 266.9473 0003274  80.3500 341.5946 15.54342830 44868
STARLINK-29             
1 44243U 19029J   20073.91667824  .00537950  00000-0  72837-2 0  9991
2 44243  53.0008 215.3561 0007421 276.4830 322.0331 15.55302263 45580
STARLINK-30             
1 44244U 19029K   20073.91667824  .00005279  00000-0  31974-3 0  9994
2 44244  53.0035 283.7264 0002662  79.1219 174.4831 15.12123782  1756
STARLINK-21             
1 44245U 19029L   20073.91667824  .00004500  00000-0  27514-3 0  9996
2 44245  52.9998 283.9213 0002399  75.4452 262.1493 15.12124397  1813
STARLINK-33             
1 44247U 19029N   20073.91667824  .00022668  00000-0  34937-3 0  9990
2 44247  53.0073 268.5034 0002384  81.5296 337.4737 15.54105212 44870
STARLINK-34             
1 44248U 19029P   20073.91667824  .00012646  00000-0  33285-3 0  9991
2 44248  53.0022 275.9293 0002277  78.7532  34.0605 15.38938488 44680
STARLINK-61             
1 44249U 19029Q   20073.91667824  .00013560  00000-0  67547-3 0  9996
2 44249  53.0025 274.6499 0009249  77.9035 227.4468 15.17838386 44771
STARLINK-36             
1 44250U 19029R   20073.83334491 -.00020848  00000-0 -11819-2 0  9999
2 44250  53.0025 284.2025 0002545  79.9879 109.7519 15.12139927  1801
STARLINK-37             
1 44251U 19029S   20073.91667824  .00006365  00000-0  38195-3 0  9991
2 44251  52.9847 283.0218 0002240  79.1014 210.5381 15.12127598 44578
STARLINK-71             
1 44252U 19029T   20073.91667824  .00007776  00000-0  46264-3 0  9995
2 44252  53.0011 282.9690 0002474  80.2391 317.4116 15.12134915 44570
STARLINK-39             
1 44253U 19029U   20073.91667824  .00014773  00000-0  86258-3 0  9998
2 44253  53.0063 284.1472 0002198  76.1762 279.4801 15.12139793 44611
STARLINK-32             
1 44254U 19029V   20073.91667824  .00005678  00000-0  34254-3 0  9992
2 44254  53.0010 283.8360 0002429  78.9527 228.6989 15.12130511  1763
STARLINK-66             
1 44255U 19029W   20073.91667824  .00020177  00000-0  31257-3 0  9994
2 44255  53.0051 268.2638 0002423  86.1360 321.1168 15.54042977 44808
STARLINK-42             
1 44256U 19029X   20073.91667824  .00030749  00000-0  42349-3 0  9995
2 44256  52.9951 269.4613 0001433  32.5153 159.7750 15.56996055 44749
STARLINK-43             
1 44257U 19029Y   20073.91667824  .00041090  00000-0  13842-2 0  9992
2 44257  53.0024 243.5030 0001692  97.9520 291.3203 15.30373557 45216
STARLINK-40             
1 44258U 19029Z   20073.91667824  .00005712  00000-0  34473-3 0  9998
2 44258  53.0019 283.8362 0002588  77.7518 223.9634 15.12107610 44622
STARLINK-52             
1 44259U 19029AA  20073.91667824  .00046699  00000-0  71049-3 0  9998
2 44259  53.0015 217.0377 0001305  58.9112  62.7732 15.54085699 45448
STARLINK-45             
1 44260U 19029AB  20073.91667824  .00006007  00000-0  36137-3 0  9998
2 44260  53.0116 282.6641 0002736  81.9063 249.7632 15.12134714 44693
STARLINK-44             
1 44261U 19029AC  20073.91667824  .00016489  00000-0  96147-3 0  9991
2 44261  53.0019 283.8156 0002411  74.9356 220.7011 15.12105028 44637
STARLINK-49             
1 44262U 19029AD  20073.91667824  .00002599  00000-0  16611-3 0  9997
2 44262  53.0060 284.1928 0002605  83.4127 290.1972 15.12135447 44647
STARLINK-72             
1 44263U 19029AE  20073.91667824  .00005135  00000-0  31139-3 0  9999
2 44263  53.0043 283.6690 0002561  84.4310 163.2366 15.12135651  1754
STARLINK-35             
1 44264U 19029AF  20073.91667824  .00016030  00000-0  93525-3 0  9993
2 44264  53.0033 283.7633 0002262  86.2183 179.4374 15.12103577 44621
STARLINK-63             
1 44265U 19029AG  20073.91667824  .00006066  00000-0  36477-3 0  9995
2 44265  53.0027 283.1391 0003162  88.6772 182.9752 15.12132527 44659
STARLINK-54             
1 44266U 19029AH  20073.91667824  .00001517  00000-0  10412-3 0  9993
2 44266  52.9955 283.1467 0002198  88.8165 326.8361 15.12125132 44589
STARLINK-69             
1 44267U 19029AJ  20073.91667824  .00005257  00000-0  31844-3 0  9991
2 44267  53.0016 282.9867 0002417  75.9192 267.7590 15.12133367  1761
STARLINK-55             
1 44268U 19029AK  20073.91667824  .00026393  00000-0  40216-3 0  9999
2 44268  52.9959 267.8460 0002246  78.0734 348.4567 15.54327266 44816
STARLINK-57             
1 44269U 19029AL  20073.91667824  .00002870  00000-0  18174-3 0  9992
2 44269  52.9999 283.5296 0002378  80.2774 299.3253 15.12121434 44660
STARLINK-58             
1 44270U 19029AM  20073.91667824  .00014428  00000-0  38014-3 0  9991
2 44270  53.0044 276.3399 0008262 290.6557 187.9013 15.38759807  1773
STARLINK-59             
1 44271U 19029AN  20073.91667824  .00013735  00000-0  80320-3 0  9999
2 44271  53.0013 283.0739 0002412  84.7237 150.9066 15.12141486 44653
STARLINK-51             
1 44272U 19029AP  20073.91667824  .00005444  00000-0  32942-3 0  9995
2 44272  53.0016 283.6976 0002562  84.9019 174.7928 15.12102713  1768
STARLINK-60             
1 44273U 19029AQ  20073.88286978  .00019718  00000-0  32022-3 0  9997
2 44273  52.9980 205.5083 0005579 123.8170 236.3370 15.52738117 45728
STARLINK-62             
1 44274U 19029AR  20073.91667824  .00026979  00000-0  70116-3 0  9998
2 44274  53.0068 275.9324 0001580  48.1218  64.3644 15.38770694 44729
STARLINK-64             
1 44275U 19029AS  20073.91667824  .00017755  00000-0  49282-3 0  9991
2 44275  52.9939 274.8036 0007066  29.8925 176.1179 15.36983262 44730
STARLINK-65             
1 44276U 19029AT  20073.91667824  .00003755  00000-0  23248-3 0  9991
2 44276  53.0045 283.6395 0002857  76.5960 134.9852 15.12121750  1764
STARLINK-41             
1 44277U 19029AU  20073.91667824  .01078120  00000-0  13946-1 0  9993
2 44277  53.0079 272.0299 0006850 312.0555 333.7727 15.55709810 44798
STARLINK-67             
1 44278U 19029AV  20073.91667824  .00119911  16576-4  34546-3 0  9997
2 44278  52.9864 137.7867 0009919 238.9156  40.5654 15.92845318 46631
STARLINK-68             
1 44279U 19029AW  20073.91667824  .00016930  00000-0  98664-3 0  9997
2 44279  53.0032 282.6211 0002749  89.0965 188.5332 15.12105091  1750
STARLINK-38             
1 44280U 19029AX  20073.91667824  .00004069  00000-0  25045-3 0  9992
2 44280  53.0043 283.6025 0002468  85.6306 132.0390 15.12123257 44644
STARLINK-70             
1 44281U 19029AY  20073.91667824  .00015012  00000-0  87690-3 0  9997
2 44281  53.0029 283.1703 0002456  73.6338 251.9679 15.12110044 44591
STARLINK-80             
1 44282U 19029AZ  20073.86573796  .00003528  00000-0  15523-3 0  9991
2 44282  53.0188 255.1877 0001879 320.3236  39.7623 15.24488648 43441
STARLINK-56             
1 44283U 19029BA  20073.91667824  .00015694  00000-0  91587-3 0  9995
2 44283  53.0044 283.6867 0002049  73.5423 156.0666 15.12111179  1750
STARLINK-73             
1 44284U 19029BB  20073.91667824  .00012510  00000-0  73328-3 0  9993
2 44284  53.0042 283.6613 0002249  86.0972 137.5240 15.12140422  1753
STARLINK-50             
1 44285U 19029BC  20073.91667824  .00012355  00000-0  72503-3 0  9995
2 44285  53.0025 283.6635 0002427  82.6074 159.0346 15.12107887 45697
STARLINK-75             
1 44286U 19029BD  20073.91667824  .00067877  00000-0  91479-3 0  9998
2 44286  53.0075 269.9146 0007605 303.9443  41.7470 15.57191000 45895
STARLINK-76             
1 44287U 19029BE  20073.91667824  .00013862  00000-0  81056-3 0  9994
2 44287  53.0007 283.8653 0002726  80.6195 239.0637 15.12138622  1757
STARLINK-79             
1 44288U 19029BF  20073.91667824  .00013812  00000-0  80838-3 0  9997
2 44288  53.0065 284.2649 0002518  83.9282 307.7322 15.12107639 45705
STARLINK-48             
1 44289U 19029BG  20073.91667824  .00028269  00000-0  13223-2 0  9993
2 44289  52.9995 261.8294 0001169 110.5877 319.9061 15.19567458 45993
STARLINK-78             
1 44290U 19029BH  20073.91667824  .00001589  00000-0  10826-3 0  9998
2 44290  53.0062 284.1589 0002898  90.5167 295.0934 15.12124882 45701
STARLINK-77             
1 44291U 19029BJ  20073.91667824  .00000052  00000-0  20079-4 0  9995
2 44291  53.0070 284.3348 0002712  91.0399 318.5700 15.12125943 45693
STARLINK-81             
1 44292U 19029BK  20073.91667824 -.00000629  00000-0 -18940-4 0  9992
2 44292  53.0068 284.3617 0002721  88.6079 332.9529 15.12140991 45696
STARLINK-74             
1 44293U 19029BL  20073.91667824  .00015191  00000-0  88646-3 0  9990
2 44293  53.0065 284.2137 0002220  82.2441 279.4344 15.12139817  1773
STARLINK-53             
1 44294U 19029BM  20073.91667824  .00008431  00000-0  49999-3 0  9998
2 44294  53.0009 283.0413 0002768  78.3672 127.2593 15.12141677  1756
STARLINK-1007           
1 44713U 19074A   20073.91667824 -.00025672  00000-0 -12645-2 0  9999
2 44713  53.0115 282.9696 0000602  57.4075 258.1781 15.17217344 19359
STARLINK-1008           
1 44714U 19074B   20073.91667824 -.00085220  00000-0 -44569-2 0  9995
2 44714  53.0103 283.5313 0001272  72.9095 345.4052 15.15707691 19345
STARLINK-1009           
1 44715U 19074C   20073.91667824 -.00074334  00000-0 -41618-2 0  9992
2 44715  53.0062 283.6195 0001149  82.5754  71.1526 15.13225940 19340
STARLINK-1010           
1 44716U 19074D   20073.91667824 -.00085885  00000-0 -27786-2 0  9996
2 44716  53.0090 281.5305 0001289  76.4256 200.5213 15.31800188 19373
STARLINK-1011           
1 44717U 19074E   20073.91667824 -.00004036  00000-0 -25802-3 0  9994
2 44717  53.0008 303.4255 0002318  76.5299   5.5457 15.05571771 19066
STARLINK-1012           
1 44718U 19074F   20073.91667824 -.00063070  00000-0 -34682-2 0  9993
2 44718  53.0088 283.5729 0001317  62.5424 154.9292 15.13783956 19348
STARLINK-1013           
1 44719U 19074G   20073.91667824 -.00069034  00000-0 -38457-2 0  9994
2 44719  53.0068 283.5638 0001139  85.7064  84.0239 15.13367611 19345
STARLINK-1014           
1 44720U 19074H   20073.91667824 -.00014864  00000-0 -49379-3 0  9993
2 44720  53.0028 286.0908 0006883 279.9280 253.7412 15.29964395 19313
STARLINK-1015           
1 44721U 19074J   20073.91667824 -.00074403  00000-0 -41817-2 0  9997
2 44721  53.0058 283.6560 0001133  88.1175  49.6050 15.13089483 19331
STARLINK-1016           
1 44722U 19074K   20073.91667824 -.00080636  00000-0 -42259-2 0  9994
2 44722  53.0080 283.5196 0001229  70.3033  14.5501 15.15605617 19341
STARLINK-1017           
1 44723U 19074L   20073.91667824 -.00107157  00000-0 -56935-2 0  9999
2 44723  53.0114 283.6105 0001259  75.4068 296.6076 15.15284202 19341
STARLINK-1019           
1 44724U 19074M   20073.91667824 -.00069250  00000-0 -37986-2 0  9996
2 44724  53.0109 283.5748 0001255  78.8665 154.4695 15.13917558 19347
STARLINK-1020           
1 44725U 19074N   20073.91667824 -.00000903  00000-0 -42756-4 0  9990
2 44725  53.0005 303.4257 0002526  73.2537 152.8422 15.05577080 19061
STARLINK-1021           
1 44726U 19074P   20073.91667824 -.00080027  00000-0 -43827-2 0  9994
2 44726  53.0118 283.5805 0001324  75.4741 173.5918 15.14048490 19349
STARLINK-1022           
1 44727U 19074Q   20073.91667824 -.00029219  00000-0 -19928-2 0  9996
2 44727  53.0353 323.2321 0002324  75.1130 313.2965 15.05609276 18794
STARLINK-1023           
1 44728U 19074R   20073.91667824 -.00092388  00000-0 -41502-2 0  9997
2 44728  53.0089 282.3756 0001301  84.3327 190.4138 15.21012032 19369
STARLINK-1024           
1 44729U 19074S   20073.91667824 -.00006156  00000-0 -40332-3 0  9997
2 44729  53.0006 303.4199 0002258  77.1851  58.8958 15.05607356  1751
STARLINK-1025           
1 44730U 19074T   20073.91667824 -.00102153  00000-0 -54013-2 0  9993
2 44730  53.0122 283.6112 0001273  74.6542 312.8423 15.15426190 19341
STARLINK-1026           
1 44731U 19074U   20073.91667824 -.00064670  00000-0 -35853-2 0  9996
2 44731  53.0081 283.5614 0001137  87.5507  98.1266 15.13506542 19342
STARLINK-1027           
1 44732U 19074V   20073.91667824 -.00017446  00000-0 -14035-2 0  9995
2 44732  53.0005 301.7976 0002234  75.0732 329.5049 14.99098108 19082
STARLINK-1028           
1 44733U 19074W   20073.91667824 -.00086580  00000-0 -47292-2 0  9992
2 44733  53.0120 283.5843 0001350  75.9093 188.9317 15.14183188 19343
STARLINK-1029           
1 44734U 19074X   20073.91667824  .00004599  00000-0  60968-4 0  9998
2 44734  53.0006 283.4011 0005889  24.9548 349.3133 15.60500791 19346
STARLINK-1030           
1 44735U 19074Y   20073.91667824 -.00014232  00000-0 -95938-3 0  9990
2 44735  53.0000 303.4294 0002335  80.4538 163.6231 15.05583336 19066
STARLINK-1031           
1 44736U 19074Z   20073.91667824 -.00016329  00000-0 -11529-2 0  9993
2 44736  53.0038 301.6602 0001474  62.7006 299.5672 15.03975468 19097
STARLINK-1032           
1 44737U 19074AA  20073.91667824 -.00001128  00000-0 -58265-4 0  9995
2 44737  53.0012 303.4171 0001847  74.3480  25.7787 15.05583340 19069
STARLINK-1033           
1 44738U 19074AB  20073.91667824 -.00015759  00000-0 -10644-2 0  9998
2 44738  52.9922 303.4721 0002645  79.8687  92.3143 15.05590270 19061
STARLINK-1052           
1 44739U 19074AC  20073.91667824  .00002802  00000-0  21139-3 0  9994
2 44739  52.9993 303.4312 0002534  78.2010 129.9124 15.05580385 19068
STARLINK-1035           
1 44740U 19074AD  20073.91667824 -.00018406  00000-0 -14823-2 0  9996
2 44740  53.0008 302.7902 0002099  82.2974 359.8395 14.99092350 19073
STARLINK-1036           
1 44741U 19074AE  20073.91667824 -.00009740  00000-0 -65035-3 0  9990
2 44741  53.0002 303.4243 0002446  78.8451 345.2754 15.05568336 19068
STARLINK-1037           
1 44742U 19074AF  20073.71498577  .00000924  00000-0  82445-4 0  9994
2 44742  52.9998 304.3196 0002736  94.1460 265.9840 15.05661335 18865
STARLINK-1038           
1 44743U 19074AG  20073.91667824 -.00028266  00000-0 -19277-2 0  9992
2 44743  53.0004 323.4240 0002211  78.4884  57.8578 15.05593772 18798
STARLINK-1039           
1 44744U 19074AH  20073.91667824 -.00020107  00000-0 -13646-2 0  9993
2 44744  52.9995 323.4233 0001878  70.1695  30.2493 15.05582813 18789
STARLINK-1040           
1 44745U 19074AJ  20073.80647611  .00074189  00000-0  36747-3 0  9999
2 44745  52.9969 274.6445 0003181 198.1285 161.9623 15.81373593 19288
STARLINK-1041           
1 44746U 19074AK  20073.91667824 -.00027773  00000-0 -18940-2 0  9993
2 44746  53.0003 323.4224 0002603  71.1898  83.3101 15.05584834 18797
STARLINK-1042           
1 44747U 19074AL  20073.91667824 -.00028598  00000-0 -19501-2 0  9994
2 44747  53.0321 323.2443 0001985  61.5213 308.8112 15.05605025 18791
STARLINK-1043           
1 44748U 19074AM  20073.91667824  .00028579  00000-0  19722-2 0  9997
2 44748  53.0089 323.3690 0002062  60.8009 165.6472 15.05588300 18794
STARLINK-1044           
1 44749U 19074AN  20073.91667824 -.00018826  00000-0 -12757-2 0  9995
2 44749  52.9990 303.4240 0002734  80.3817 325.6658 15.05594378  1769
STARLINK-1045           
1 44750U 19074AP  20073.91667824 -.00006234  00000-0 -40906-3 0  9995
2 44750  52.9989 323.4255 0002107  63.4824  18.9134 15.05576238 18787
STARLINK-1046           
1 44751U 19074AQ  20073.91667824 -.00007311  00000-0 -48303-3 0  9992
2 44751  52.9986 323.4248 0001905  74.0784  44.3553 15.05583671 18782
STARLINK-1047           
1 44752U 19074AR  20073.91667824  .00061190  00000-0  43712-2 0  9994
2 44752  53.0011 303.2674 0002167  80.8005  30.1666 15.03928077 19066
STARLINK-1048           
1 44753U 19074AS  20073.91667824 -.00084387  00000-0 -45179-2 0  9999
2 44753  53.0128 283.6050 0001373  74.7694 250.6343 15.14877936 19340
STARLINK-1049           
1 44754U 19074AT  20073.91667824 -.00083619  00000-0 -44939-2 0  9990
2 44754  53.0127 283.6017 0001395  72.1412 237.6137 15.14738458 19348
STARLINK-1050           
1 44755U 19074AU  20073.91667824 -.00029489  00000-0 -20129-2 0  9991
2 44755  53.0402 323.1998 0002287  69.0653 355.3696 15.05583178 18799
STARLINK-1051           
1 44756U 19074AV  20073.91667824 -.00085126  00000-0 -45934-2 0  9993
2 44756  53.0124 283.5934 0001380  73.7815 220.4872 15.14605445 19347
STARLINK-1034           
1 44757U 19074AW  20073.91667824  .00008545  00000-0  60500-3 0  9999
2 44757  53.0008 303.4225 0002559  76.9837 239.1005 15.05575279 19067
STARLINK-1053           
1 44758U 19074AX  20073.91667824 -.00026373  00000-0 -17966-2 0  9998
2 44758  53.0211 323.3148 0002262  77.5608 220.8390 15.05599437 18798
STARLINK-1054           
1 44759U 19074AY  20073.91667824 -.00019521  00000-0 -13236-2 0  9992
2 44759  53.0252 323.2806 0002339  70.0105 264.3911 15.05597539 18792
STARLINK-1055           
1 44760U 19074AZ  20073.91667824 -.00019438  00000-0 -13177-2 0  9995
2 44760  53.0373 323.2226 0002603  73.8562 332.4852 15.05600617 18799
STARLINK-1056           
1 44761U 19074BA  20073.91667824 -.00028100  00000-0 -19170-2 0  9991
2 44761  53.0296 323.2644 0002097  74.3186 278.0934 15.05579624 18792
STARLINK-1057           
1 44762U 19074BB  20073.91667824  .01080276  00000-0  68766-1 0  9997
2 44762  53.0010 303.4222 0001320  78.9069 255.2256 15.05396909 19065
STARLINK-1058           
1 44763U 19074BC  20073.91667824  .00022931  00000-0  15885-2 0  9996
2 44763  53.0122 323.3508 0001681  72.4273 171.9989 15.05564482 18793
STARLINK-1059           
1 44764U 19074BD  20073.91667824 -.00013299  00000-0 -89501-3 0  9993
2 44764  53.0005 303.4213 0002401  70.9244 281.2052 15.05588306 19066
STARLINK-1060           
1 44765U 19074BE  20073.91667824 -.00014388  00000-0 -96974-3 0  9996
2 44765  52.9995 303.4218 0002076  68.9108 193.1677 15.05600301  1753
STARLINK-1061           
1 44766U 19074BF  20073.91667824 -.00025848  00000-0 -17601-2 0  9999
2 44766  53.0181 323.3277 0002252  73.4589 206.9566 15.05603494 18797
STARLINK-1062           
1 44767U 19074BG  20073.91667824 -.00021376  00000-0 -14515-2 0  9993
2 44767  53.0238 323.2949 0001942  67.6052 248.8044 15.05599727 18790
STARLINK-1063           
1 44768U 19074BH  20073.91667824 -.00002285  00000-0 -13766-3 0  9990
2 44768  53.0023 323.4053 0002366  66.8973 123.4774 15.05585176 18796
STARLINK-1064           
1 44769U 19074BJ  20073.91667824 -.00026600  00000-0 -18129-2 0  9995
2 44769  53.0004 323.4145 0002206  66.6542 105.7090 15.05585430 18798
STARLINK-1065           
1 44770U 19074BK  20073.74479381  .00001148  00000-0  97793-4 0  9991
2 44770  53.0054 324.1654 0002689  73.5852 286.5431 15.05666517 18595
STARLINK-1067           
1 44771U 19074BL  20073.91667824 -.00019199  00000-0 -13015-2 0  9992
2 44771  53.0157 323.3453 0002305  66.3365 196.0639 15.05593671 18799
STARLINK-1068           
1 44772U 19074BM  20073.91667824 -.00004473  00000-0 -28792-3 0  9991
2 44772  53.0003 303.4208 0002645  73.1520 224.9549 15.05585513 19061
STARLINK-1073           
1 44914U 20001A   20073.91667824  .00080108  00000-0  54585-2 0  9996
2 44914  52.9967  83.4197 0001843  67.1403 290.4306 15.05556090 10260
STARLINK-1084           
1 44915U 20001B   20073.91667824  .00467600  00000-0  31781-1 0  9995
2 44915  52.9988  83.3277 0001558  79.3488 159.5680 15.03846398  1758
STARLINK-1097           
1 44916U 20001C   20073.91667824  .00093908  00000-0  63845-2 0  9999
2 44916  52.9991  83.4131 0001502  54.7128  86.8561 15.05547814 10270
STARLINK-1098           
1 44917U 20001D   20073.91667824  .00168808  00000-0  11346-1 0  9990
2 44917  52.9995  83.4129 0001605  64.7391 112.9068 15.05528582 10273
STARLINK-1099           
1 44918U 20001E   20073.91667824  .00107383  00000-0  72848-2 0  9997
2 44918  52.9979  83.4099 0001563  62.6553  60.8807 15.05543245  1750
STARLINK-1101           
1 44919U 20001F   20073.91667824  .00134856  00000-0  91093-2 0  9996
2 44919  52.9973  83.4192 0001623  51.9199 359.6950 15.05538193  1768
STARLINK-1102           
1 44920U 20001G   20073.91667824  .00146447  00000-0  98776-2 0  9992
2 44920  52.9973  83.4183 0001637  58.3382 335.2592 15.05525919  1764
STARLINK-1103           
1 44921U 20001H   20073.91667824  .00093663  00000-0  63674-2 0  9993
2 44921  52.9973  83.4188 0001695  57.7752  11.7318 15.05551670 10279
STARLINK-1104           
1 44922U 20001J   20073.91667824  .00092702  00000-0  63036-2 0  9999
2 44922  52.9985  83.4101 0001644  52.8697  52.7343 15.05549103  1761
STARLINK-1106           
1 44923U 20001K   20073.91667824  .00157608  00000-0  10608-1 0  9993
2 44923  52.9972  83.4200 0001541  68.0623 253.5418 15.05540205  1759
STARLINK-1111           
1 44924U 20001L   20073.91667824  .00086016  00000-0  58558-2 0  9995
2 44924  52.9973  83.4214 0001775  60.3895 315.1733 15.05549386 10272
STARLINK-1112           
1 44925U 20001M   20073.91667824  .00167069  00000-0  11230-1 0  9999
2 44925  52.9966  83.4195 0001497  81.8340 221.7706 15.05535433  1750
STARLINK-1113           
1 44926U 20001N   20073.91667824  .00164435  00000-0  11548-1 0  9996
2 44926  53.0052  83.2907 0001411  67.1081 243.8148 15.03910967 11015
STARLINK-1114           
1 44927U 20001P   20073.91667824  .00118254  00000-0  83643-2 0  9991
2 44927  52.9982  83.3257 0001639  65.7241 209.1011 15.03914707 10276
STARLINK-1119           
1 44928U 20001Q   20073.91667824  .00177005  00000-0  12411-1 0  9995
2 44928  53.0016  83.3206 0001497  70.6379 222.2358 15.03898725  1754
STARLINK-1121           
1 44929U 20001R   20073.91667824  .00450364  00000-0  29372-1 0  9992
2 44929  52.9984  83.4226 0001816  62.6658 276.8877 15.05475167 10266
STARLINK-1123           
1 44930U 20001S   20073.91667824  .00242414  00000-0  16117-1 0  9992
2 44930  52.9979  83.4097 0001651  65.5179  94.1227 15.05523542  1750
STARLINK-1128           
1 44931U 20001T   20073.91667824  .00050610  00000-0  36223-2 0  9999
2 44931  53.0129  83.2596 0001671  52.5062 276.3989 15.03948812  1759
STARLINK-1130 (DARKSAT) 
1 44932U 20001U   20073.91667824  .00090552  00000-0  64302-2 0  9998
2 44932  53.0002  83.3258 0001467  74.5916 182.3188 15.03941689  1753
STARLINK-1144           
1 44933U 20001V   20073.91667824  .00074397  00000-0  50743-2 0  9992
2 44933  52.9994  83.4213 0001701  62.0182  25.5438 15.05560014  1760
STARLINK-1071           
1 44934U 20001W   20073.91667824 -.00066254  00000-0 -14844-2 0  9990
2 44934  52.9965  65.9965 0001388  46.5189 101.7247 15.42980497 10513
STARLINK-1072           
1 44935U 20001X   20073.91667824 -.00067270  00000-0 -14436-2 0  9997
2 44935  52.9969  66.0178 0001425  52.3724 170.7176 15.44258196 10511
STARLINK-1078           
1 44936U 20001Y   20073.91667824 -.00068455  00000-0 -15199-2 0  9991
2 44936  52.9969  65.9727 0001338  51.2052 113.9375 15.43262981 10511
STARLINK-1079           
1 44937U 20001Z   20073.91667824 -.00068783  00000-0 -14909-2 0  9994
2 44937  52.9968  65.9941 0001166  57.0585 149.6265 15.43974642 10511
STARLINK-1082           
1 44938U 20001AA  20073.91667824 -.00079020  00000-0 -18181-2 0  9997
2 44938  52.9975  66.0275 0001349  46.2542  59.2113 15.42270638 10519
STARLINK-1083           
1 44939U 20001AB  20073.91667824 -.00151680  00000-0 -35686-2 0  9990
2 44939  52.9968  66.0809 0001130 344.2777 103.8048 15.41961164 10517
STARLINK-1091           
1 44940U 20001AC  20073.91667824 -.00092927  00000-0 -22063-2 0  9995
2 44940  52.9967  66.0943 0001387  46.9117  23.9058 15.41409438 10519
STARLINK-1094           
1 44941U 20001AD  20073.91667824 -.00073709  00000-0 -16228-2 0  9999
2 44941  52.9967  66.0024 0001464  46.7736 135.1030 15.43544975 10515
STARLINK-1096           
1 44942U 20001AE  20073.91667824 -.00072148  00000-0 -15575-2 0  9990
2 44942  52.9933  66.0569 0001338  57.8410 157.0823 15.44114686 10511
STARLINK-1100           
1 44943U 20001AF  20073.91667824 -.00141310  00000-0 -33031-2 0  9996
2 44943  52.9971  66.0587 0001206 328.9252 127.8381 15.42108899 10515
STARLINK-1108           
1 44944U 20001AG  20073.91667824 -.00099206  00000-0 -22266-2 0  9991
2 44944  52.9967  65.9489 0001010 342.8868 173.8484 15.43117545 10515
STARLINK-1109           
1 44945U 20001AH  20073.91667824 -.00085912  00000-0 -20274-2 0  9998
2 44945  52.9971  66.1116 0001373  50.5083  29.1507 15.41553295 10518
STARLINK-1110           
1 44946U 20001AJ  20073.91667824 -.00111846  00000-0 -25399-2 0  9998
2 44946  52.9966  65.9662 0001263 316.4468 183.3111 15.42832094 10517
STARLINK-1116           
1 44947U 20001AK  20073.91667824 -.00078758  00000-0 -17192-2 0  9995
2 44947  52.9968  66.0320 0001363  55.1149 143.3792 15.43827138 10512
STARLINK-1118           
1 44948U 20001AL  20073.83334491  .01036528  48189-3  30092-2 0  9993
2 44948  52.9943  61.0967 0001044  88.9213  56.0432 15.92428869 10579
STARLINK-1122           
1 44949U 20001AM  20073.91667824 -.00063755  00000-0 -14482-2 0  9997
2 44949  52.9971  66.0355 0001339  48.5471  74.1417 15.42555394 10519
STARLINK-1125           
1 44950U 20001AN  20073.91667824 -.00086576  00000-0 -20240-2 0  9994
2 44950  52.9971  66.0852 0001375  50.3231  28.9788 15.41837192 10514
STARLINK-1126           
1 44951U 20001AP  20073.91667824 -.00069862  00000-0 -15967-2 0  9994
2 44951  52.9959  66.0331 0001346  46.2201  67.8870 15.42413408 11800
STARLINK-1117           
1 44952U 20001AQ  20073.91667824 -.00071735  00000-0 -15863-2 0  9992
2 44952  52.9970  65.9901 0001437  47.0502 126.5106 15.43402749 10518
STARLINK-1124           
1 44953U 20001AR  20073.91667824 -.00064891  00000-0 -19808-2 0  9991
2 44953  52.9974  64.8451 0001395  59.9996 248.1258 15.33511875 11816
STARLINK-1066           
1 44954U 20001AS  20073.91667824  .00021811  00000-0  18728-3 0  9996
2 44954  52.9965  64.4389 0006895 279.7962 318.2322 15.69308221 10478
STARLINK-1069           
1 44955U 20001AT  20073.91667824  .00019297  00000-0  16725-3 0  9997
2 44955  52.9964  64.4444 0005857 279.0114 315.5576 15.69178891 10478
STARLINK-1070           
1 44956U 20001AU  20073.91667824  .00022905  00000-0  19714-3 0  9999
2 44956  52.9969  64.4454 0006645 282.3362 313.3697 15.69217952 10532
STARLINK-1074           
1 44957U 20001AV  20073.91667824  .00011381  00000-0  10216-3 0  9994
2 44957  52.9965  64.4622 0005746 280.4445 305.8648 15.68843757 10537
STARLINK-1075           
1 44958U 20001AW  20073.91667824  .00018005  00000-0  15792-3 0  9999
2 44958  52.9966  64.4583 0006545 283.1326 305.5189 15.68938475 10530
STARLINK-1076           
1 44959U 20001AX  20073.91667824  .00003914  00000-0  38769-4 0  9993
2 44959  52.9959  64.4713 0004264 283.9372 297.5343 15.68643823 10535
STARLINK-1077           
1 44960U 20001AY  20073.91667824  .00021750  00000-0  18928-3 0  9997
2 44960  52.9944  64.4523 0005836 297.5302 292.3419 15.68989761 10531
STARLINK-1080           
1 44961U 20001AZ  20073.91667824  .00012114  00000-0  10964-3 0  9994
2 44961  52.9966  64.4766 0007122 280.2055 298.8341 15.68554901 10538
STARLINK-1081           
1 44962U 20001BA  20073.91667824  .00022179  00000-0  19087-3 0  9992
2 44962  52.9967  64.4117 0001708 330.2443 266.6000 15.69263960 10539
STARLINK-1085           
1 44963U 20001BB  20073.91667824  .00020810  00000-0  18038-3 0  9998
2 44963  52.9951  64.4480 0003187 309.0436 284.3290 15.69131295 11270
STARLINK-1086           
1 44964U 20001BC  20073.91667824  .00013799  00000-0  12158-3 0  9994
2 44964  52.9965  64.4484 0006842 273.2068 319.0174 15.69073705 10530
STARLINK-1087           
1 44965U 20001BD  20073.91667824  .00006976  00000-0  64368-4 0  9995
2 44965  52.9966  64.4602 0005918 279.9136 307.2609 15.68932605 11272
STARLINK-1088           
1 44966U 20001BE  20073.91667824 -.00047072  00000-0 -40163-3 0  9996
2 44966  52.9958  64.4660 0002763  15.3393 208.5828 15.68735482 10538
STARLINK-1089           
1 44967U 20001BF  20073.91667824 -.00023298  00000-0 -19799-3 0  9992
2 44967  52.9952  64.4787 0000929  61.0899 155.5344 15.68460679 10531
STARLINK-1090           
1 44968U 20001BG  20073.91667824  .00001007  00000-0  13798-4 0  9999
2 44968  52.9967  64.4792 0005658 278.8281 298.9994 15.68509458 10533
STARLINK-1092           
1 44969U 20001BH  20073.91667824  .00001494  00000-0  17909-4 0  9998
2 44969  52.9944  64.4735 0001214  17.0445 203.2301 15.68606080 10535
STARLINK-1093           
1 44970U 20001BJ  20073.91667824  .00016904  00000-0  14877-3 0  9992
2 44970  52.9964  64.4571 0006998 281.0350 306.4916 15.68904993 10531
STARLINK-1095           
1 44971U 20001BK  20073.91667824  .00019605  00000-0  17077-3 0  9999
2 44971  52.9963  64.4520 0005578 285.4369 305.6219 15.69045294 10534
STARLINK-1107           
1 44972U 20001BL  20073.91667824  .00004975  00000-0  48310-4 0  9999
2 44972  52.9963  64.4835 0007026 279.2656 296.1608 15.68424891 10533
STARLINK-1115           
1 44973U 20001BM  20073.91667824  .00009561  00000-0  87167-4 0  9999
2 44973  52.9962  64.4678 0006043 280.4567 302.2260 15.68692291 10535
FALCON 9 DEB            
1 44974U 20001BN  20070.11763578  .04253460  12293-4  38272-3 0  9998
2 44974  52.9823  68.9601 0001883 166.1558 193.9538 16.38262313 10139
FALCON 9 DEB            
1 44975U 20001BP  20072.33026648  .08258012  12513-4  19366-3 0  9995
2 44975  52.9802  57.0787 0002504 227.3404 132.7433 16.46338046 10492
FALCON 9 DEB            
1 44976U 20001BQ  20066.16947612  .05683072  12414-4  34064-3 0  9990
2 44976  52.9839  89.2389 0000982 287.7212  72.3727 16.41594528  9502
FALCON 9 DEB            
1 44977U 20001BR  20062.50287986  .03671776  12265-4  44422-3 0  9995
2 44977  52.9824 108.4431 0002196  20.5343 339.5789 16.35624857  8918
STARLINK-1132           
1 45044U 20006A   20073.91667824  .00279566  00000-0  22134-2 0  9999
2 45044  53.0026  13.5609 0001244  62.4046 310.2008 15.69946272  7363
STARLINK-1120           
1 45045U 20006B   20073.91667824 -.00104944  00000-0 -66511-2 0  9996
2 45045  52.9973  23.0146 0001453  72.5299 298.6794 15.08954836  7234
STARLINK-1129           
1 45046U 20006C   20073.91667824  .00293998  00000-0  18671-1 0  9996
2 45046  53.0035  23.4759 0001367  63.2173  37.9075 15.06945096  7223
STARLINK-1131           
1 45047U 20006D   20073.91667824 -.00108419  00000-0 -68944-2 0  9991
2 45047  52.9993  23.0136 0001489  70.5209 283.6966 15.08853694  7230
STARLINK-1134           
1 45048U 20006E   20073.91667824 -.00110573  00000-0 -73850-2 0  9998
2 45048  53.0042  23.4502 0001538  56.4673  16.8972 15.07068955  7221
STARLINK-1135           
1 45049U 20006F   20073.91667824 -.00119061  00000-0 -80530-2 0  9993
2 45049  53.0037  23.4470 0001492  59.3012 357.2882 15.06654196  7227
STARLINK-1140           
1 45050U 20006G   20073.91667824  .00433139  00000-0  27377-1 0  9997
2 45050  53.0007  23.4448 0001426  75.8272 305.1841 15.06370074  7226
STARLINK-1141           
1 45051U 20006H   20073.91667824  .00441890  00000-0  28078-1 0  9990
2 45051  53.0010  23.4455 0001341  77.5371 321.2287 15.06484267  7227
STARLINK-1148           
1 45052U 20006J   20073.91667824 -.00112600  00000-0 -76867-2 0  9997
2 45052  53.0019  23.4695 0001594  61.1020 284.2200 15.06274432  7227
STARLINK-1155           
1 45053U 20006K   20073.91667824  .00571916  00000-0  33433-1 0  9996
2 45053  52.9997  23.0127 0001178  88.4987   7.6757 15.09357812  7231
STARLINK-1156           
1 45054U 20006L   20073.91667824 -.00104862  00000-0 -71239-2 0  9998
2 45054  53.0006  23.4459 0001668  55.5905 307.5084 15.06405955  7229
STARLINK-1157           
1 45055U 20006M   20073.91667824  .00049305  00000-0  30173-2 0  9999
2 45055  53.0029  23.0143 0001420  60.5451  86.4260 15.09758719  7231
STARLINK-1158           
1 45056U 20006N   20073.91667824 -.00117545  00000-0 -80312-2 0  9994
2 45056  52.9988  23.5197 0001576  63.5444 263.7770 15.06271734  7224
STARLINK-1159           
1 45057U 20006P   20073.83334491 -.00089944  00000-0 -55508-2 0  9997
2 45057  53.0019  23.3916 0001340  62.5975 334.2206 15.09829147  7224
STARLINK-1162           
1 45058U 20006Q   20073.91667824 -.00081368  00000-0 -50052-2 0  9997
2 45058  53.0045  22.9850 0001497  57.5792 106.1449 15.09891401  7238
STARLINK-1165           
1 45059U 20006R   20073.91667824  .00230465  00000-0  13893-1 0  9991
2 45059  52.9978  23.0064 0001242  92.6057 329.6813 15.09205548  7231
STARLINK-1166           
1 45060U 20006S   20073.91667824  .00218143  00000-0  13137-1 0  9993
2 45060  52.9992  23.0114 0001325  67.1469  12.0754 15.09308857  7235
STARLINK-1169           
1 45061U 20006T   20073.91667824  .00425835  00000-0  25040-1 0  9998
2 45061  52.9976  23.0090 0001313 100.6588 304.6356 15.09076106  7230
STARLINK-1171           
1 45062U 20006U   20073.91667824  .00159008  00000-0  96034-2 0  9997
2 45062  53.0014  23.0160 0001295  73.5278  39.5045 15.09527266  7234
STARLINK-1178           
1 45063U 20006V   20073.91667824  .00399367  00000-0  23636-1 0  9999
2 45063  52.9967  23.0062 0001346  87.0537 301.2612 15.08979290  7232
STARLINK-1133           
1 45064U 20006W   20073.83334491  .00014831  00000-0  12688-3 0  9999
2 45064  53.0013  15.4807 0003477 316.6621 290.1828 15.69737858  7336
STARLINK-1139           
1 45065U 20006X   20073.91667824  .00677090  00000-0  52031-2 0  9995
2 45065  52.9986  15.0651 0006602 273.1847  86.0345 15.69458922  7346
STARLINK-1145           
1 45066U 20006Y   20073.91667824  .00049330  00000-0  41432-3 0  9990
2 45066  53.0013  15.0812 0005276 275.5755  76.8129 15.69414896  7348
STARLINK-1150           
1 45067U 20006Z   20073.91667824  .00015355  00000-0  13015-3 0  9997
2 45067  53.0017  13.5590 0001253 325.6594  45.8718 15.69933785  7363
STARLINK-1161           
1 45068U 20006AA  20073.91667824 -.00014423  00000-0 -11536-3 0  9991
2 45068  53.0014  15.0792 0005506 279.5531  73.9816 15.69472076  7345
STARLINK-1163           
1 45069U 20006AB  20073.91667824 -.00144634  00000-0 -11990-2 0  9993
2 45069  53.0014  13.5635 0004927 329.5874  40.8333 15.69900071  7367
STARLINK-1164           
1 45070U 20006AC  20073.91667824 -.00116485  00000-0 -98323-3 0  9994
2 45070  53.0022  15.0888 0006197 286.6299  61.7591 15.69350535  7340
STARLINK-1167           
1 45071U 20006AD  20073.91667824  .01273732  00000-0  94352-2 0  9990
2 45071  52.9990  13.5642 0007243 262.2074 106.0399 15.69627391  7366
STARLINK-1168           
1 45072U 20006AE  20073.91667824  .01452570  00000-0  11041-1 0  9993
2 45072  52.9994  15.0909 0006706 260.3866  86.8800 15.69083697  7340
STARLINK-1170           
1 45073U 20006AF  20073.91667824  .00690015  00000-0  51936-2 0  9999
2 45073  52.9976  12.8056 0000676  68.5092 308.5797 15.69920387  7376
STARLINK-1172           
1 45074U 20006AG  20073.91667824 -.00005735  00000-0 -42993-4 0  9996
2 45074  53.0014  15.0847 0006117 283.4057  67.8647 15.69380776  7348
STARLINK-1174           
1 45075U 20006AH  20073.91667824  .00593141  00000-0  45930-2 0  9990
2 45075  52.9986  15.0622 0006931 271.4479  88.9071 15.69521804  7349
STARLINK-1180           
1 45076U 20006AJ  20073.91667824  .01507517  00000-0  11220-1 0  9998
2 45076  52.9981  15.0580 0006977 263.5313  99.0827 15.69496289  7347
STARLINK-1182           
1 45077U 20006AK  20073.91667824 -.00011066  00000-0 -87665-4 0  9998
2 45077  53.0016  15.0886 0004915 281.8680  67.7095 15.69385748  7344
STARLINK-1177           
1 45078U 20006AL  20073.91667824 -.00121592  00000-0 -10059-2 0  9996
2 45078  53.0021  13.5644 0006368 284.3583  84.9799 15.69851989  7022
STARLINK-1149           
1 45079U 20006AM  20073.91667824  .00154527  00000-0  11674-2 0  9993
2 45079  53.0003  12.8899 0001282  70.7328 265.2200 15.71473533  7020
STARLINK-1153           
1 45080U 20006AN  20073.91667824 -.00145943  00000-0 -12162-2 0  9992
2 45080  53.0013  15.0583 0006850 288.2322  75.4346 15.69760200  7001
STARLINK-1151           
1 45081U 20006AP  20073.91667824 -.00021838  00000-0 -17743-3 0  9990
2 45081  53.0032  15.0752 0004610 282.8141  74.1163 15.69472712  7340
STARLINK-1160           
1 45082U 20006AQ  20073.91667824 -.00098848  00000-0 -82549-3 0  9992
2 45082  53.0005  15.0765 0005605 274.6424  80.0256 15.69541194  7343
STARLINK-1190           
1 45083U 20006AR  20073.91667824 -.00115214  00000-0 -73547-2 0  9997
2 45083  52.9987  23.0085 0001525  66.8819 270.3623 15.08753712  7235
STARLINK-1173           
1 45084U 20006AS  20073.91667824  .00052135  00000-0  43177-3 0  9995
2 45084  53.0034  13.5420 0004796 277.6122  89.4850 15.69734792  7471
STARLINK-1179           
1 45085U 20006AT  20073.91667824  .00283069  00000-0  22356-2 0  9993
2 45085  53.0002  12.8072 0001258  60.4133 314.9893 15.69994899  7370
STARLINK-1181           
1 45086U 20006AU  20073.91667824  .01492866  00000-0  11314-1 0  9993
2 45086  53.0003  15.1002 0006867 258.2147  85.6300 15.69081356  7341
STARLINK-1185           
1 45087U 20006AV  20073.91667824 -.00021906  00000-0 -18130-3 0  9993
2 45087  53.0016  15.1041 0005485 278.9223  62.9582 15.69024963  7440
STARLINK-1183           
1 45088U 20006AW  20073.91667824  .01040423  00000-0  78814-2 0  9992
2 45088  52.9999  15.0976 0005660 267.3479  77.6597 15.69191329  6994
STARLINK-1136           
1 45089U 20006AX  20073.91667824  .01462496  00000-0  10921-1 0  9995
2 45089  52.9998  13.5699 0006080 266.2269  99.7689 15.69499425  7021
STARLINK-1176           
1 45090U 20006AY  20073.91667824  .00048607  00000-0  39922-3 0  9994
2 45090  53.0022  12.8083 0001440  40.5879 333.6988 15.69976732  7031
STARLINK-1127           
1 45091U 20006AZ  20073.91667824  .00063544  00000-0  54257-3 0  9990
2 45091  53.0014  15.1310 0006668 282.1214  47.2993 15.68898432  7343
STARLINK-1137           
1 45092U 20006BA  20073.91667824 -.00074849  00000-0 -63540-3 0  9998
2 45092  53.0011  15.1251 0006007 278.2762  53.4938 15.69027466  7346
STARLINK-1142           
1 45093U 20006BB  20073.91667824  .00051490  00000-0  44001-3 0  9995
2 45093  53.0013  15.1278 0006184 275.0049  55.6147 15.68969665  7348
STARLINK-1146           
1 45094U 20006BC  20073.91667824  .00295244  00000-0  24134-2 0  9997
2 45094  53.0014  15.1184 0006021 279.4906  55.8349 15.69111031  7349
STARLINK-1147           
1 45095U 20006BD  20073.91667824  .01026883  00000-0  78336-2 0  9993
2 45095  52.9997  15.1152 0005396 267.9727  68.4642 15.69054500  7343
STARLINK-1152           
1 45096U 20006BE  20073.91667824 -.00087553  00000-0 -74228-3 0  9993
2 45096  53.0016  15.1226 0007034 285.0709  49.0499 15.69112402  7343
STARLINK-1175           
1 45097U 20006BF  20073.83334491  .00009024  00000-0  80069-4 0  9992
2 45097  53.0011  15.5240 0004658 318.3454 268.1007 15.69456440  7448
STARLINK-1184           
1 45098U 20006BG  20073.91667824  .00984005  00000-0  76452-2 0  9991
2 45098  53.0014  15.1119 0004942 282.2535  45.9632 15.68716004  5546
STARLINK-1186           
1 45099U 20006BH  20073.91667824  .01485970  00000-0  11231-1 0  9993
2 45099  52.9990  15.1055 0009907 258.2113  81.7089 15.69147490  7340
STARLINK-1193           
1 45100U 20006BJ  20073.91667824  .00121934  00000-0  10329-2 0  9990
2 45100  53.0016  15.1365 0005325 277.2237  49.8810 15.68823985  7342
STARLINK-1194           
1 45101U 20006BK  20073.91667824 -.00117203  00000-0 -10119-2 0  9994
2 45101  53.0013  15.1368 0007184 284.1181  41.7870 15.68797105  7344
STARLINK-1195           
1 45102U 20006BL  20073.91667824  .00084934  00000-0  71787-3 0  9996
2 45102  53.0017  15.1232 0004700 278.4694  54.4681 15.69040922  7345
STARLINK-1196           
1 45103U 20006BM  20073.91667824  .01199063  00000-0  91119-2 0  9998
2 45103  52.9993  15.1027 0005428 273.8755  67.7360 15.69168201  7346
FALCON 9 DEB            
1 45104U 20006BN  20073.88866810  .00293796  53467-4  30250-3 0  9997
2 45104  52.9959   7.3716 0010710 131.0664 229.1296 16.10040491  7104
FALCON 9 DEB            
1 45105U 20006BP  20073.88492322  .00314188  59993-4  31412-3 0  9991
2 45105  52.9966   7.3504 0011790 134.6345 225.5652 16.10444281  7103
FALCON 9 DEB            
1 45106U 20006BQ  20073.84581647  .00418695  10406-3  34478-3 0  9995
2 45106  52.9946   7.0815 0009197 148.3355 211.8234 16.13331060  7102
FALCON 9 DEB            
1 45107U 20006BR  20073.32013940  .00537280  17634-3  36844-3 0  9996
2 45107  52.9933   9.4875 0010284 153.9337 206.2219 16.15872658  7029
STARLINK-1138           
1 45178U 20012A   20073.91667824  .00204506  00000-0  47631-2 0  9995
2 45178  52.9984 145.8793 0001424  63.8194 147.5822 15.41008173  4578
STARLINK-1143           
1 45179U 20012B   20073.91667824  .00188684  00000-0  44211-2 0  9995
2 45179  52.9984 145.9205 0001386  61.3331 139.5421 15.40894524  4579
STARLINK-1192           
1 45180U 20012C   20073.91667824  .00191419  00000-0  44332-2 0  9991
2 45180  52.9989 145.8501 0001569  61.7169 170.7280 15.41234627  4573
STARLINK-1200           
1 45181U 20012D   20073.91667824  .00179154  00000-0  41412-2 0  9990
2 45181  52.9986 145.8263 0001553  65.8804 177.1515 15.41345333  4580
STARLINK-1201           
1 45182U 20012E   20073.91667824  .00303549  00000-0  24616-2 0  9995
2 45182  52.9983 142.6723 0005141 178.6658 217.5607 15.69283524  4620
STARLINK-1202           
1 45183U 20012F   20073.91667824 -.00009479  00000-0 -20591-3 0  9992
2 45183  52.9991 145.8422 0001423  74.6413 272.2806 15.42541040  4589
STARLINK-1205           
1 45184U 20012G   20073.91667824  .00273578  00000-0  21569-2 0  9999
2 45184  52.9972 142.6561 0004308 175.6175 226.2834 15.70061325  4595
STARLINK-1216           
1 45185U 20012H   20073.83334491  .00015535  00000-0  35617-3 0  9999
2 45185  53.0017 146.1842 0001382  70.7506 193.5031 15.42952029  4562
STARLINK-1224           
1 45186U 20012J   20073.91667824  .00086541  00000-0  19748-2 0  9999
2 45186  52.9990 145.8250 0001484  72.3255 243.6243 15.42170916  4583
STARLINK-1225           
1 45187U 20012K   20073.91667824  .00096638  00000-0  22102-2 0  9996
2 45187  52.9992 145.8238 0001515  68.8763 236.7782 15.42048765  4331
STARLINK-1228           
1 45188U 20012L   20073.91667824  .00562915  13207-3  16552-2 0  9991
2 45188  52.9956 140.7979 0053377 132.0251  85.2048 15.89628924  4319
STARLINK-1230           
1 45189U 20012M   20073.91667824  .00107994  00000-0  24748-2 0  9994
2 45189  52.9983 145.8025 0001497  72.3009 222.9241 15.41931388  4292
STARLINK-1234           
1 45190U 20012N   20073.68262043  .00020473  11136-4  85352-4 0  9996
2 45190  53.0011 142.6330 0058024 132.5471 228.0472 15.85384802  4274
STARLINK-1236           
1 45191U 20012P   20073.91667824  .00130315  00000-0  29992-2 0  9996
2 45191  52.9988 145.7726 0001521  71.3549 203.0360 15.41694973  4583
STARLINK-1237           
1 45192U 20012Q   20073.91667824  .00002884  00000-0  74516-4 0  9990
2 45192  52.9998 145.8180 0001401  74.3409 282.6774 15.42656720  4294
STARLINK-1239           
1 45193U 20012R   20073.91667824  .00018375  00000-0  41873-3 0  9992
2 45193  52.9985 145.7550 0001332  75.2518 312.6579 15.43001777  4299
STARLINK-1240           
1 45194U 20012S   20073.91667824 -.00007515  00000-0 -15935-3 0  9999
2 45194  52.9991 145.7799 0001334  77.3966 300.2575 15.42889054  4294
STARLINK-1241           
1 45195U 20012T   20073.91667824  .00035894  00000-0  80419-3 0  9998
2 45195  52.9989 145.7346 0001299  79.6902 318.3921 15.43116516  4297
STARLINK-1244           
1 45196U 20012U   20073.91667824  .00211428  00000-0  49017-2 0  9996
2 45196  52.9985 145.8794 0001539  59.5652 162.4326 15.41117647  4323
STARLINK-1269           
1 45197U 20012V   20073.91667824  .00159791  00000-0  36899-2 0  9995
2 45197  52.9980 145.7941 0001565  66.5236 186.9741 15.41460595  4311
STARLINK-1154           
1 45198U 20012W   20073.91667824  .00395453  00000-0  29085-2 0  9992
2 45198  52.9990 142.5865 0010472 147.3389 292.6921 15.71312670  4337
STARLINK-1197           
1 45199U 20012X   20073.91667824  .00324251  00000-0  24047-2 0  9994
2 45199  52.9992 142.5945 0010218 147.4142 289.1869 15.71326937  4338
STARLINK-1198           
1 45200U 20012Y   20073.64958360 -.00278472  00000-0 -20917-2 0  9992
2 45200  53.0032 143.9031 0015010 137.6175 222.6004 15.72484336  4298
STARLINK-1199           
1 45201U 20012Z   20073.91667824  .00349937  00000-0  27621-2 0  9997
2 45201  52.9993 142.6313 0004977 179.6406 238.6521 15.69796867  4332
STARLINK-1203           
1 45202U 20012AA  20073.91667824  .00003635  00000-0  79114-4 0  9996
2 45202  52.9992 145.0222 0001354 102.6355 268.3967 15.47074470  4321
STARLINK-1204           
1 45203U 20012AB  20073.91667824  .00340164  00000-0  26868-2 0  9994
2 45203  52.9994 142.6704 0005864 168.3183 229.5935 15.69805787  4310
STARLINK-1206           
1 45204U 20012AC  20073.91667824  .00485662  00000-0  35579-2 0  9997
2 45204  52.9992 142.5301 0008924 151.7820 315.1974 15.71160010  4338
STARLINK-1208           
1 45205U 20012AD  20073.91667824  .00295234  00000-0  21986-2 0  9999
2 45205  52.9991 142.5724 0009243 150.7003 296.1429 15.71325677  4340
STARLINK-1209           
1 45206U 20012AE  20073.56941157  .00069269  12884-4  18983-3 0  9993
2 45206  53.0013 143.3617 0072447 128.5453 232.2094 15.89674719  4281
STARLINK-1210           
1 45207U 20012AF  20073.91667824  .00400653  00000-0  31430-2 0  9999
2 45207  52.9990 142.6383 0005082 178.0131 236.8922 15.69791795  4338
STARLINK-1211           
1 45208U 20012AG  20073.91667824  .00327797  00000-0  25944-2 0  9990
2 45208  52.9986 142.6510 0005070 178.9890 229.1301 15.69798074  4337
STARLINK-1218           
1 45209U 20012AH  20073.91667824  .00355897  00000-0  26314-2 0  9995
2 45209  52.9991 142.5458 0009601 149.8775 310.5655 15.71312897  4332
STARLINK-1219           
1 45210U 20012AJ  20073.91667824  .00345717  00000-0  27298-2 0  9999
2 45210  52.9990 142.6434 0005060 178.9038 232.5939 15.69800415  4331
STARLINK-1220           
1 45211U 20012AK  20069.91667824  .00723224  00000-0  41594-2 0  9993
2 45211  53.0024 162.4808 0027451 118.7601 331.9927 15.75746283  3703
STARLINK-1231           
1 45212U 20012AL  20073.91667824  .00347125  00000-0  25676-2 0  9994
2 45212  52.9994 142.5583 0009873 149.1165 304.4770 15.71325925  4342
STARLINK-1232           
1 45213U 20012AM  20073.91667824  .00327387  00000-0  24281-2 0  9994
2 45213  52.9994 142.5649 0010179 148.0025 302.2505 15.71316771  4330
STARLINK-1233           
1 45214U 20012AN  20073.91667824  .00176049  00000-0  12778-2 0  9990
2 45214  53.0005 142.5256 0016692 139.6877 318.0676 15.72172243  4336
STARLINK-1245           
1 45215U 20012AP  20073.91667824  .00393222  00000-0  30861-2 0  9998
2 45215  52.9988 142.6570 0005873 167.9156 236.7955 15.69799699  4330
STARLINK-1254           
1 45216U 20012AQ  20073.91667824  .00330858  00000-0  24546-2 0  9998
2 45216  52.9992 142.5508 0009202 150.6193 306.4439 15.71310119  4337
STARLINK-1271           
1 45217U 20012AR  20073.91667824  .00317275  00000-0  23554-2 0  9995
2 45217  52.9993 142.5779 0010220 147.8131 295.6163 15.71322905  4330
STARLINK-1105           
1 45218U 20012AS  20073.91667824  .01209309  00000-0  84855-2 0  9996
2 45218  52.9989 142.5254 0008308 153.4879 315.2259 15.71069350  4337
STARLINK-1187           
1 45219U 20012AT  20073.91667824  .00655470  16638-3  25752-2 0  9998
2 45219  52.9982 141.7860 0056016 130.6082 334.8480 15.83803310  4335
STARLINK-1188           
1 45220U 20012AU  20073.91667824  .00303034  00000-0  22529-2 0  9998
2 45220  52.9992 142.6025 0010710 146.3009 285.1991 15.71324910  4331
STARLINK-1189           
1 45221U 20012AV  20073.91667824  .00272430  00000-0  20324-2 0  9995
2 45221  52.9990 142.5947 0010671 146.8756 288.0337 15.71334409  4332
STARLINK-1191           
1 45222U 20012AW  20073.91667824  .00345323  00000-0  27275-2 0  9990
2 45222  52.9984 142.6318 0004962 179.5440 237.0550 15.69794805  4336
STARLINK-1212           
1 45223U 20012AX  20073.91667824  .00398056  00000-0  29579-2 0  9991
2 45223  52.9990 142.5212 0008135 156.2542 315.5569 15.71083424  4330
STARLINK-1214           
1 45224U 20012AY  20073.91667824  .00369536  00000-0  29089-2 0  9999
2 45224  52.9989 142.6526 0005515 172.4085 234.0097 15.69800582  4340
STARLINK-1215           
1 45225U 20012AZ  20073.91667824  .00403587  00000-0  29673-2 0  9994
2 45225  52.9991 142.5542 0009587 150.0568 305.3115 15.71307057  4336
STARLINK-1217           
1 45226U 20012BA  20073.91667824  .00389283  00000-0  28680-2 0  9998
2 45226  52.9993 142.5666 0008944 151.4132 297.1284 15.71306647  4300
STARLINK-1221           
1 45227U 20012BB  20073.91667824  .00232634  00000-0  17690-2 0  9995
2 45227  52.9990 142.6189 0010385 147.7731 275.6957 15.71003712  4309
STARLINK-1222           
1 45228U 20012BC  20073.91667824  .00371696  00000-0  29250-2 0  9993
2 45228  52.9985 142.6472 0005267 175.4466 234.2650 15.69802655  4340
STARLINK-1226           
1 45229U 20012BD  20073.91667824  .00345546  00000-0  25590-2 0  9992
2 45229  52.9990 142.5483 0008945 152.2247 306.5410 15.71311810  4331
STARLINK-1227           
1 45230U 20012BE  20073.91667824  .00364383  00000-0  26920-2 0  9992
2 45230  52.9991 142.5390 0009001 151.7122 310.4218 15.71313205  4331
STARLINK-1229           
1 45231U 20012BF  20073.91667824  .00357271  00000-0  26413-2 0  9998
2 45231  53.0017 142.5743 0008605 154.8247 290.2896 15.71321415  4335
STARLINK-1235           
1 45232U 20012BG  20073.91667824  .00406099  00000-0  15121-2 0  9996
2 45232  52.9981 140.9605 0015391 135.9045 357.9606 15.86269967  4338
STARLINK-1238           
1 45233U 20012BH  20073.91667824  .00338001  00000-0  26717-2 0  9997
2 45233  53.0012 142.6618 0005165 180.3795 222.6055 15.69797883  4333
STARLINK-1243           
1 45234U 20012BJ  20073.91667824  .00121127  00000-0  27811-2 0  9993
2 45234  52.9987 145.7928 0001526  69.6239 215.3073 15.41809800  4310
STARLINK-1246           
1 45235U 20012BK  20073.83334491 -.00070141  00000-0 -16152-2 0  9993
2 45235  53.0013 146.0825 0001307  74.7165 226.3639 15.42190870  4305
STARLINK-1247           
1 45236U 20012BL  20073.91667824  .00381790  00000-0  28270-2 0  9999
2 45236  52.9995 142.5326 0010214 148.5928 316.7685 15.71194975  4334
STARLINK-1270           
1 45237U 20012BM  20073.91667824  .00288756  00000-0  21512-2 0  9990
2 45237  52.9988 142.5814 0009785 148.7658 292.9669 15.71329565  4334
FALCON 9 DEB            
1 45238U 20012BN  20073.66057364  .00461993  11597-4  30150-3 0  9997
2 45238  52.9995 140.9730 0072999 127.4718 233.2985 16.10484275  4333
FALCON 9 DEB            
1 45239U 20012BP  20073.65483033  .00796881  11653-4  45567-3 0  9991
2 45239  52.9975 140.9375 0066006 127.0750 233.6344 16.13097930  4335
FALCON 9 DEB            
1 45240U 20012BQ  20073.67407876  .00717777  11606-4  45228-3 0  9995
2 45240  52.9978 141.0739 0070912 128.8328 231.9065 16.11195347  4337
FALCON 9 DEB            
1 45241U 20012BR  20073.62106864  .00649510  11582-4  41723-3 0  9992
2 45241  53.0004 141.4637 0076077 130.0702 230.7036 16.10186770  4323
FALCON 9 R/B            
1 45242U 20012BS  20065.01434962  .04382623  12270-4  35023-3 0  9994
2 45242  52.9811 184.6375 0031513  98.7842 261.6157 16.36621519  2965
