ONEWEB-0066             
1 45424U 20020A   20109.58334491 -.00013776  00000-0 -35103-3 0  9993
2 45424  87.3956 128.9902 0024813 180.9434 110.8740 15.39406655  1665
ONEWEB-0067             
1 45425U 20020B   20109.58334491 -.00014813  00000-0 -37956-3 0  9995
2 45425  87.3983 128.9996 0025587 181.3047  97.2234 15.39213575  1587
ONEWEB-0080             
1 45426U 20020C   20109.50001157  .00051751  00000-0  13328-2 0  9994
2 45426  87.3973 129.0353 0027255 186.1680 290.5662 15.38631896  1780
ONEWEB-0090             
1 45427U 20020D   20109.58334491 -.00021841  00000-0 -57077-3 0  9992
2 45427  87.3944 128.9959 0027274 186.8040  20.0254 15.38557946  1604
ONEWEB-0061             
1 45428U 20020E   20109.58334491 -.00059476  00000-0 -17954-2 0  9997
2 45428  87.4159 129.0195 0027549 188.3712 350.3674 15.34174449  4276
ONEWEB-0081             
1 45429U 20020F   20109.58334491 -.00025593  00000-0 -68184-3 0  9993
2 45429  87.3957 129.0073 0027260 189.6238 335.6648 15.37971307  1662
ONEWEB-0069             
1 45430U 20020G   20109.58334491 -.00025956  00000-0 -69645-3 0  9991
2 45430  87.3963 129.0145 0027067 193.0626 305.3940 15.37758379  1791
ONEWEB-0031             
1 45431U 20020H   20109.58334491 -.00025608  00000-0 -68669-3 0  9991
2 45431  87.3967 129.0140 0026061 193.6955 297.9466 15.37804874  1594
ONEWEB-0027             
1 45432U 20020J   20109.58334491 -.00024770  00000-0 -66692-3 0  9995
2 45432  87.3961 129.0180 0025584 194.1637 285.7615 15.37692414  1625
ONEWEB-0064             
1 45433U 20020K   20109.58334491 -.00023624  00000-0 -63908-3 0  9990
2 45433  87.3966 129.0184 0025081 194.6980 272.5533 15.37557849  1662
ONEWEB-0018             
1 45434U 20020L   20109.58334491 -.00020298  00000-0 -55500-3 0  9994
2 45434  87.3953 129.0193 0023571 194.5502 243.6740 15.37264376  1669
ONEWEB-0083             
1 45435U 20020M   20109.58334491 -.00019037  00000-0 -52238-3 0  9999
2 45435  87.3983 129.0319 0023276 193.7364 234.0920 15.37159997  1646
ONEWEB-0095             
1 45436U 20020N   20109.58334491 -.00017367  00000-0 -47895-3 0  9997
2 45436  87.3939 129.0181 0022891 192.6003 220.9445 15.37015361  1568
ONEWEB-0092             
1 45437U 20020P   20109.58334491 -.00016311  00000-0 -45148-3 0  9995
2 45437  87.3970 129.0309 0022606 191.7155 211.2051 15.36909198  1811
ONEWEB-0085             
1 45438U 20020Q   20109.58334491 -.00015008  00000-0 -41643-3 0  9994
2 45438  87.3965 129.0300 0023119 189.8275 204.7909 15.36824391  1560
ONEWEB-0096             
1 45439U 20020R   20109.58334491 -.00014999  00000-0 -41765-3 0  9998
2 45439  87.3979 129.0395 0023442 188.8682 193.9456 15.36705878  1777
ONEWEB-0037             
1 45440U 20020S   20109.58334491 -.00013558  00000-0 -37904-3 0  9990
2 45440  87.3960 129.0298 0023793 187.8621 182.2839 15.36578809  1770
ONEWEB-0042             
1 45441U 20020T   20109.58334491 -.00013076  00000-0 -36685-3 0  9991
2 45441  87.3974 129.0394 0024134 186.9653 171.5173 15.36461536  1587
ONEWEB-0098             
1 45442U 20020U   20109.58334491 -.00012628  00000-0 -35682-3 0  9990
2 45442  87.3971 129.0418 0025686 186.5914 146.1122 15.36202516  1764
ONEWEB-0055             
1 45443U 20020V   20109.58334491 -.00012283  00000-0 -34821-3 0  9992
2 45443  87.3948 129.0370 0026171 187.0648 133.9709 15.36088497  1558
ONEWEB-0093             
1 45444U 20020W   20109.58334491 -.00013606  00000-0 -39712-3 0  9997
2 45444  87.3981 129.0490 0026683 187.6184 117.6382 15.35156854  1602
ONEWEB-0029             
1 45445U 20020X   20109.58334491 -.00024727  00000-0 -76100-3 0  9996
2 45445  87.3991 129.0445 0027200 188.1157 103.4283 15.33469422  1605
ONEWEB-0068             
1 45446U 20020Y   20109.58334491 -.00044977  00000-0 -14082-2 0  9996
2 45446  87.4010 129.0528 0027526 190.0509  83.2702 15.32971238  1608
ONEWEB-0046             
1 45447U 20020Z   20109.58334491 -.00052300  00000-0 -17047-2 0  9990
2 45447  87.4017 129.0450 0027459 191.1984  63.1655 15.31715177  1661
ONEWEB-0063             
1 45448U 20020AA  20109.58334491 -.00054840  00000-0 -16390-2 0  9992
2 45448  87.3987 129.0623 0027083 193.1066  56.7429 15.34485601  1582
ONEWEB-0019             
1 45449U 20020AB  20109.58334491 -.00035781  00000-0 -20020-2 0  9991
2 45449  87.4478 129.1592 0027161 193.9446 315.4223 15.13395561  1659
ONEWEB-0094             
1 45450U 20020AC  20109.58334491 -.00126749  00000-0 -43942-2 0  9996
2 45450  87.4043 129.0649 0026463 195.8508 352.3583 15.30045593  1683
ONEWEB-0087             
1 45451U 20020AD  20109.58334491 -.00045678  00000-0 -24337-2 0  9995
2 45451  87.4272 129.1214 0025962 196.7056  73.2967 15.15199904  1569
ONEWEB-0082             
1 45452U 20020AE  20109.58334491 -.00113679  00000-0 -41587-2 0  9999
2 45452  87.4036 129.0718 0026036 197.9160 305.3017 15.28257747  4234
ONEWEB-0050             
1 45453U 20020AF  20109.58334491 -.00024214  00000-0 -73649-3 0  9991
2 45453  87.3966 129.0639 0025128 196.8079 345.8857 15.33897347  4239
ONEWEB-0034             
1 45454U 20020AG  20109.58334491 -.00033471  00000-0 -12477-2 0  9998
2 45454  87.4053 129.0747 0024594 195.9999 278.6404 15.27370977  1635
ONEWEB-0060             
1 45455U 20020AH  20109.58334491 -.00036696  00000-0 -27528-2 0  9994
2 45455  87.4528 129.2249 0023823 195.5368 341.5591 15.02707890  1551
ONEWEB-0086             
1 45456U 20020AJ  20109.58334491 -.00066962  00000-0 -47515-2 0  9992
2 45456  87.4433 129.2039 0023496 194.6587 356.8612 15.04942498  4219
ONEWEB-0088             
1 45457U 20020AK  20109.58334491 -.00037403  00000-0 -29040-2 0  9994
2 45457  87.4344 129.2179 0023074 194.0853 268.6735 15.01422278  1802
YAOGAN 30 R             
1 45460U 20021A   20109.56759347  .00000216  00000-0  24903-4 0  9993
2 45460  34.9989  62.0893 0004995 331.2306  28.8116 14.89742942  3791
YAOGAN 30 S             
1 45461U 20021B   20109.54524468  .00000148  00000-0  17876-4 0  9991
2 45461  34.9984  61.9050 0003752 248.9413 111.0885 14.89743697  3766
YAOGAN 30 T             
1 45462U 20021C   20109.32094922  .00000177  00000-0  20472-4 0  9993
2 45462  34.9991  62.9250 0006927 122.1914 237.9463 14.90514748  3736
CZ-2C R/B               
1 45463U 20021D   20109.53059538  .00001170  00000-0  37695-4 0  9990
2 45463  34.6823  53.1465 0152385 295.1227  63.3740 15.21425622  3899
TDO-2                   
1 45464U 20022A   20087.29241302 -.00000093  00000-0  00000+0 0  9991
2 45464  26.4980 318.9837 7282322 179.9623 357.3555  2.30488966    16
AEHF-6 (USA 298)        
1 45465U 20022B   20108.25104405 -.00000167  00000-0  00000-0 0  9997
2 45465   9.6165 318.4841 1327312 182.2459 284.2627  1.22953370   285
ATLAS 5 CENTAUR R/B     
1 45466U 20022C   20108.61557803 -.00000099  00000-0  00000-0 0  9996
2 45466  13.3988 317.1845 4146642 183.1777 172.8636  1.71716911   376
SOYUZ-MS 16             
1 45476U 20023A   20109.50391748  .00000070  00000-0  95075-5 0  9990
2 45476  51.6439 283.8563 0003693 126.9720 329.0839 15.48698257222767
