DMSP 5D-2 F14 (USA 131) 
1 24753U 97012A   20112.77625908 -.00000019  00000-0  13470-4 0  9990
2 24753  99.0251 128.7705 0008939  13.8781 346.2636 14.15887293190442
NOAA 15                 
1 25338U 98030A   20112.10723233  .00000032  00000-0  31804-4 0  9993
2 25338  98.7224 137.4348 0011485  72.3923 287.8510 14.25959741141060
DMSP 5D-3 F15 (USA 147) 
1 25991U 99067A   20111.87290907 -.00000102  00000-0 -28422-4 0  9991
2 25991  98.9645  82.8166 0008840 265.1860 156.1829 14.16489341 52299
METEOSAT-8 (MSG-1)      
1 27509U 02040B   20112.20156524  .00000137  00000-0  00000-0 0  9991
2 27509   6.6272  54.3303 0001287 341.1027 288.2801  1.00267954 64713
DMSP 5D-3 F16 (USA 172) 
1 28054U 03048A   20112.83598594 -.00000087  00000-0 -22347-4 0  9990
2 28054  98.9079  92.1016 0008111  30.3735  89.4763 14.13661676851893
NOAA 18                 
1 28654U 05018A   20112.77830713  .00000077  00000-0  66531-4 0  9990
2 28654  99.0496 168.6617 0014667  35.0453 325.1680 14.12504403769004
METEOSAT-9 (MSG-2)      
1 28912U 05049B   20112.05716106  .00000018  00000-0  00000+0 0  9990
2 28912   4.3053  70.3322 0001271 350.3792 173.0740  1.00265702 52536
HIMAWARI-7 (MTSAT-2)    
1 28937U 06004A   20112.80320240 -.00000245  00000-0  00000+0 0  9995
2 28937   0.0319 346.0920 0001666  60.9515 237.4237  1.00268544 51816
FORMOSAT-3 FM6          
1 29047U 06011A   20112.76374334 -.00000056  00000-0 -59275-5 0  9999
2 29047  71.9777 225.6935 0050010 161.3240 198.9747 14.28726427733233
FORMOSAT-3 FM1          
1 29048U 06011B   20111.73107674  .00000073  00000-0  45025-4 0  9991
2 29048  71.9646 138.7851 0042056 120.7238 239.8052 14.28692281735569
FORMOSAT-3 FM5          
1 29049U 06011C   20112.78547602  .00000047  00000-0  34561-4 0  9991
2 29049  72.0196 307.9535 0034328 146.9652 213.3639 14.28774902731503
FORMOSAT-3 FM3          
1 29050U 06011D   20112.02471659  .00000138  00000-0  39404-4 0  9990
2 29050  72.0140 101.4685 0047867  68.3899 292.2343 14.58899633748057
FORMOSAT-3 FM4          
1 29051U 06011E   20111.73656996  .00000030  00000-0  27503-4 0  9995
2 29051  72.0061 212.2562 0067578  23.3450 337.0730 14.28803869733943
FORMOSAT-3 FM2          
1 29052U 06011F   20112.79054420  .00000030  00000-0  27800-4 0  9997
2 29052  72.0333 284.1421 0038844 105.0071 255.5371 14.28908463732422
GOES 13                 
1 29155U 06018A   20111.80882604  .00000034  00000-0  00000-0 0  9995
2 29155   0.2786 270.7899 0004242 299.5132 351.3565  1.00272720 50961
METOP-A                 
1 29499U 06044A   20112.13269285  .00000003  00000-0  20749-4 0  9998
2 29499  98.5290 160.8681 0001761  88.8664 294.1041 14.21495581700742
DMSP 5D-3 F17 (USA 191) 
1 29522U 06050A   20112.80691125 -.00000024  00000-0  10588-4 0  9992
2 29522  98.8051 130.0495 0009459 345.6978  14.3926 14.14022373694724
FENGYUN 3A              
1 32958U 08026A   20111.51723520 -.00000001  00000-0  18999-4 0  9995
2 32958  98.4034 100.2639 0009434 139.1621 221.0264 14.18623510616507
FENGYUN 2E              
1 33463U 08066A   20111.89285799 -.00000197  00000-0  00000-0 0  9999
2 33463   4.2209  68.6602 0004412 304.4653 243.7244  1.00262668 41543
NOAA 19                 
1 33591U 09005A   20112.84900618  .00000027  00000-0  39985-4 0  9994
2 33591  99.1968 116.7218 0013178 232.0118 127.9863 14.12403816577407
GOES 14                 
1 35491U 09033A   20112.40209142 -.00000098  00000-0  00000+0 0  9992
2 35491   0.1867  97.8148 0008228 128.9136  23.8092  1.00272129 39610
METEOR-M 1              
1 35865U 09049A   20112.81450315  .00000019  00000-0  27072-4 0  9994
2 35865  98.4360 102.2716 0002600  24.7648 335.3655 14.22234636549862
DMSP 5D-3 F18 (USA 210) 
1 35951U 09057A   20112.82660927  .00000068  00000-0  58603-4 0  9990
2 35951  98.6430 104.6277 0011300 164.1161 196.0368 14.13259653542011
GOES 15                 
1 36411U 10008A   20112.01993810  .00000049  00000-0  00000+0 0  9993
2 36411   0.2526 275.4937 0002105 133.8901  39.3005  1.00265922 37122
COMS 1                  
1 36744U 10032A   20112.74980005 -.00000346  00000-0  00000+0 0  9992
2 36744   0.0376  98.6385 0000831 301.3921 208.3436  1.00274288 36111
FENGYUN 3B              
1 37214U 10059A   20112.88822613  .00000016  00000-0  31128-4 0  9992
2 37214  99.0421  93.7637 0018040  68.2342 292.0751 14.15945569489676
SUOMI NPP               
1 37849U 11061A   20112.80160528  .00000006  00000-0  23824-4 0  9995
2 37849  98.7331  51.4951 0001469  78.8101 334.0531 14.19549284439589
FENGYUN 2F              
1 38049U 12002A   20112.16671933 -.00000360  00000-0  00000-0 0  9991
2 38049   1.9335  83.5158 0002858  63.0280 235.1327  1.00283778 30348
METEOSAT-10 (MSG-3)     
1 38552U 12035B   20112.77615926  .00000058  00000-0  00000+0 0  9995
2 38552   0.9961   7.9697 0000582   1.3320 129.6414  1.00268471 28682
METOP-B                 
1 38771U 12049A   20112.76475499 -.00000009  00000-0  15700-4 0  9996
2 38771  98.6971 172.9202 0001810 131.8165 335.8639 14.21490536393968
FENGYUN 3C              
1 39260U 13052A   20112.80817055 -.00000004  00000-0  19494-4 0  9997
2 39260  98.5567 165.4311 0011425  24.9960 335.1766 14.15836368340605
METEOR-M 2              
1 40069U 14037A   20111.93233714 -.00000044  00000-0 -95537-6 0  9996
2 40069  98.5094 151.6242 0006937  88.4896 271.7076 14.20671561300045
HIMAWARI-8              
1 40267U 14060A   20112.38414484 -.00000279  00000-0  00000+0 0  9990
2 40267   0.0115 209.7963 0000983 197.9076  81.1580  1.00270458 20320
FENGYUN 2G              
1 40367U 14090A   20112.82732550 -.00000301  00000-0  00000+0 0  9996
2 40367   1.9493  95.3526 0003200 341.6083 170.7872  1.00270465 19500
METEOSAT-11 (MSG-4)     
1 40732U 15034A   20112.05637594 -.00000009  00000-0  00000-0 0  9994
2 40732   0.4801 217.4204 0000694 246.9720 125.1880  1.00274106 17509
ELEKTRO-L 2             
1 41105U 15074A   20112.19980073 -.00000100  00000-0  00000-0 0  9993
2 41105   1.0641  98.0380 0002812 327.2323 292.3989  1.00271109 15973
HIMAWARI-9              
1 41836U 16064A   20111.94096288 -.00000280  00000-0  00000-0 0  9991
2 41836   0.0366  85.7032 0000489 278.5860 324.7033  1.00273524 12752
GOES 16                 
1 41866U 16071A   20112.21394966 -.00000252  00000-0  00000-0 0  9996
2 41866   0.0162 297.6349 0000991 141.6067 132.3518  1.00273513 12570
FENGYUN 4A              
1 41882U 16077A   20112.83001421 -.00000332  00000-0  00000+0 0  9997
2 41882   0.1859 286.5269 0006228 214.5745 112.7047  1.00275564 12445
CYGFM05                 
1 41884U 16078A   20112.20348948  .00000354  00000-0  20420-4 0  9995
2 41884  34.9572  55.5692 0016558 254.3547 105.5337 15.14596958185421
CYGFM04                 
1 41885U 16078B   20111.92955146  .00000379  00000-0  21434-4 0  9991
2 41885  34.9505  50.7775 0014946 261.1833  98.7186 15.15106434185444
CYGFM02                 
1 41886U 16078C   20112.51543204  .00000365  00000-0  20712-4 0  9999
2 41886  34.9597  48.8274 0015690 262.5887  97.3041 15.15107747185521
CYGFM01                 
1 41887U 16078D   20112.23097122  .00000372  00000-0  21465-4 0  9996
2 41887  34.9539  56.4470 0017003 255.3819 104.5007 15.14410108185414
CYGFM08                 
1 41888U 16078E   20112.23847646  .00000358  00000-0  20514-4 0  9999
2 41888  34.9510  52.4239 0016195 261.5688  98.3187 15.14824335185440
CYGFM06                 
1 41889U 16078F   20111.90105793  .00000369  00000-0  20924-4 0  9990
2 41889  34.9590  51.3352 0014651 257.2964 102.6110 15.15100731185439
CYGFM07                 
1 41890U 16078G   20112.73607793  .00000396  00000-0  22309-4 0  9990
2 41890  34.9530  45.2640 0014411 267.2688  92.6374 15.15101030185562
CYGFM03                 
1 41891U 16078H   20112.13826535  .00000384  00000-0  21722-4 0  9997
2 41891  34.9562  49.2094 0013894 261.1205  98.7933 15.15096219185477
FENGYUN 3D              
1 43010U 17072A   20112.84682916  .00000004  00000-0  22547-4 0  9993
2 43010  98.7468  52.8343 0000435 203.0404 157.0752 14.19740640126161
NOAA 20                 
1 43013U 17073A   20112.12223889 -.00000016  00000-0  12927-4 0  9993
2 43013  98.7142  50.9695 0001357 101.2439 258.8889 14.19551795125524
GOES 17                 
1 43226U 18022A   20112.18101039  .00000093  00000-0  00000-0 0  9991
2 43226   0.0208 291.2344 0000582 119.2539  87.1872  1.00272176  7892
FENGYUN 2H              
1 43491U 18050A   20112.83938275 -.00000130  00000-0  00000+0 0  9990
2 43491   0.7927 275.9775 0002749 213.5196 102.0986  1.00276362  6974
METOP-C                 
1 43689U 18087A   20112.78077904 -.00000005  00000-0  17725-4 0  9994
2 43689  98.7033 173.1836 0003040 131.1976 228.9463 14.21487860 75542
GEO-KOMPSAT-2A          
1 43823U 18100A   20112.01022816 -.00000349  00000-0  00000-0 0  9993
2 43823   0.0319  60.2294 0002160  15.0907 266.1605  1.00271514  5067
IOD-1 GEMS              
1 44385U 98067QK  20112.71835147  .00020098  00000-0  26314-3 0  9994
2 44385  51.6401 257.5714 0002260 111.7775 248.3458 15.58583338 45634
METEOR-M2 2             
1 44387U 19038A   20112.86139241 -.00000040  00000-0  15277-5 0  9999
2 44387  98.6143  74.0436 0002300  60.6322 299.5086 14.23678186 41489
