NOAA 15                 
1 25338U 98030A   20321.69575266  .00000031  00000-0  31439-4 0  9993
2 25338  98.7049 345.8846 0010519 174.4659 185.6639 14.25998797170928
NOAA 18                 
1 28654U 05018A   20321.73923274  .00000123  00000-0  90802-4 0  9993
2 28654  99.0254  19.4512 0014716 158.9677 201.2103 14.12555866798501
METOP-A                 
1 29499U 06044A   20321.76672972  .00000016  00000-0  26538-4 0  9996
2 29499  98.5035   3.1905 0001248 123.5694 348.6197 14.21495235730529
NOAA 19                 
1 33591U 09005A   20321.75427450  .00000042  00000-0  48239-4 0  9993
2 33591  99.1951 331.0669 0014173  12.8765 347.2765 14.12439141606893
METOP-B                 
1 38771U 12049A   20321.74771711  .00000016  00000-0  27141-4 0  9991
2 38771  98.7112  18.8169 0000344 288.7191 181.1033 14.21486957423650
SARAL                   
1 39086U 13009A   20321.77521840 -.00000014  00000-0  10994-4 0  9994
2 39086  98.5425 145.0307 0001575 123.0806 237.0529 14.32037024403808
METOP-C                 
1 43689U 18087A   20321.76367288  .00000013  00000-0  26014-4 0  9990
2 43689  98.7183  19.1728 0001400 267.4020  92.6997 14.21481476105233
ANGELS                  
1 44876U 19092D   20321.74964475  .00000534  00000-0  30840-4 0  9995
2 44876  97.4624 142.6321 0011963 198.8558 161.2233 15.16468188 50669
