CUTE-1 (CO-55)          
1 27844U 03031E   20125.53298683  .00000060  00000-0  46827-4 0  9993
2 27844  98.6831 133.9294 0009923 175.5778 184.5490 14.22235107873855
CUBESAT XI-IV (CO-57)   
1 27848U 03031J   20125.54687776  .00000044  00000-0  40015-4 0  9998
2 27848  98.6899 134.4959 0009549 187.7655 172.3377 14.21822210873709
CUBESAT XI-V            
1 28895U 05043F   20125.32338416  .00000124  00000-0  32598-4 0  9992
2 28895  98.0025 262.9317 0017984  62.7291 297.5741 14.63763186774158
CUTE-1.7+APD II (CO-65) 
1 32785U 08021C   20125.43396515  .00000226  00000-0  29947-4 0  9997
2 32785  97.5715 115.3921 0011446 281.1017  78.8913 14.88458250651327
AAUSAT-II               
1 32788U 08021F   20125.74776742  .00000473  00000-0  48198-4 0  9991
2 32788  97.4920 132.1898 0011224 194.7791 165.3104 14.95026463652880
DELFI-C3 (DO-64)        
1 32789U 08021G   20125.66417896  .00001539  00000-0  10477-3 0  9997
2 32789  97.4224 169.9896 0013828 105.1626 255.1133 15.07645283655311
SEEDS II (CO-66)        
1 32791U 08021J   20125.71217802  .00000236  00000-0  29246-4 0  9999
2 32791  97.5403 121.7977 0011728 245.6815 114.3179 14.91029371651944
SWISSCUBE               
1 35932U 09051B   20125.45299263  .00000140  00000-0  42695-4 0  9992
2 35932  98.6098 306.3256 0006358 260.5193  99.5286 14.56384227563428
BEESAT-1                
1 35933U 09051C   20125.50634661  .00000119  00000-0  37859-4 0  9996
2 35933  98.6098 308.2400 0004559 276.6781  83.3897 14.56461230563501
ITUPSAT1                
1 35935U 09051E   20125.47536560  .00000074  00000-0  28174-4 0  9993
2 35935  98.6206 308.4141 0006881 274.7968  85.2442 14.55608448563278
TISAT 1                 
1 36799U 10035E   20125.69143775  .00000444  00000-0  50650-4 0  9997
2 36799  98.1910 294.2924 0013585 111.6790 248.5875 14.91334622532603
M-CUBED & EXP-1 PRIME   
1 37855U 11061F   20125.13718149  .00001253  00000-0  69487-4 0  9990
2 37855 101.7142 190.7118 0171314 206.3935 152.8475 15.06191965464535
AEROCUBE 4.5A           
1 38767U 12048K   20125.78540435  .00000302  00000-0  39489-4 0  9994
2 38767  64.6675  12.8565 0145646 151.4037 209.5164 14.92249994 35289
AEROCUBE 4.5B           
1 38768U 12048L   20125.09940993  .00000695  00000-0  66216-4 0  9995
2 38768  64.6674 344.3334 0134528 147.8324 213.1088 14.95905065 35244
STRAND-1                
1 39090U 13009E   20125.57403685  .00000031  00000-0  25921-4 0  9999
2 39090  98.4609 330.6694 0010228  59.1122 301.1068 14.35128289376393
SOMP                    
1 39134U 13015E   20125.25812548  .00001324  00000-0  67932-4 0  9996
2 39134  64.8637  61.2564 0035632 250.7846 108.9425 15.20969398388955
BEESAT-3                
1 39135U 13015F   20125.36943556  .00000848  00000-0  50599-4 0  9994
2 39135  64.8655  83.7830 0039414 255.4053 104.2701 15.18104595388521
BEESAT-2                
1 39136U 13015G   20125.39932943  .00001084  00000-0  63268-4 0  9996
2 39136  64.8673  88.5064 0029272 281.3228  78.4609 15.17489207388431
NEE-01 PEGASO           
1 39151U 13018B   20125.79852212  .00000128  00000-0  23799-4 0  9993
2 39151  97.9699 224.9224 0015825 239.1363 120.8292 14.80158213379223
ESTCUBE 1               
1 39161U 13021C   20125.78525266  .00000135  00000-0  29091-4 0  9992
2 39161  97.9638 209.6912 0010101  26.8483 333.3237 14.72308907375614
POPACS 1                
1 39268U 13055D   20125.36032883  .00003866  00000-0  10555-3 0  9997
2 39268  81.0023 342.7833 0617774 353.2917   6.0257 14.39097229343125
POPACS 2                
1 39269U 13055E   20125.42567838  .00003030  00000-0  84948-4 0  9999
2 39269  81.0177  19.6766 0679485  88.7520 279.1357 14.25291949340938
POPACS 3                
1 39270U 13055F   20125.47994839  .00001462  00000-0  44086-4 0  9997
2 39270  81.0192  40.6647 0710884 149.0476 215.4703 14.16769325339607
ZACUBE-1 (TSHEPISOSAT)  
1 39417U 13066B   20125.72711161  .00000223  00000-0  34146-4 0  9995
2 39417  97.5649 126.1841 0060307  62.0630 298.6671 14.81259917348564
WNISAT-1                
1 39423U 13066H   20125.79945037  .00000106  00000-0  30489-4 0  9996
2 39423  97.8025  50.2644 0176249  31.9864 329.1898 14.53111935342085
TRITON-1                
1 39427U 13066M   20125.85488621  .00000155  00000-0  32908-4 0  9990
2 39427  97.7220  89.2168 0112661 216.9754 142.3649 14.67987769345464
GOMX-1                  
1 39430U 13066Q   20125.85636684  .00000229  00000-0  50859-4 0  9995
2 39430  97.7874  67.0249 0150420 322.4866  36.5926 14.59386864343447
CUBEBUG-2 (LO-74)       
1 39440U 13066AA  20125.49292850  .00000192  00000-0  33368-4 0  9994
2 39440  97.6288 110.4310 0081429 122.3416 238.5711 14.75996522346094
NEE-02 KRYSAOR          
1 39441U 13066AB  20125.47497547  .00000117  00000-0  23590-4 0  9996
2 39441  97.6358 107.9585 0082809 130.9747 229.8666 14.75007201345923
FUNCUBE-1 (AO-73)       
1 39444U 13066AE  20125.54742521  .00000272  00000-0  39474-4 0  9992
2 39444  97.5596 128.2198 0059325  55.2610 305.4170 14.82108991347457
UWE-3                   
1 39446U 13066AG  20125.42141990  .00000208  00000-0  34007-4 0  9990
2 39446  97.5972 117.5558 0071547  93.3858 267.5541 14.78531080346650
AEROCUBE 5A             
1 39465U 13072D   20125.55993868  .00002638  00000-0  24180-3 0  9990
2 39465 120.4969   4.2359 0263240 198.7194 160.4020 14.76253902 34884
AEROCUBE 5B             
1 39466U 13072E   20125.58082935  .00003325  00000-0  25604-3 0  9994
2 39466 120.4936  38.7308 0233974 206.9780 151.8943 14.85821146 35058
BRITE-CA1 (TORONTO)     
1 40020U 14033L   20125.54424929  .00000106  00000-0  26507-4 0  9997
2 40020  97.7321 316.2701 0086582 212.0479 147.5445 14.66640999314216
DUCHIFAT-1              
1 40021U 14033M   20125.78902738  .00000245  00000-0  30664-4 0  9996
2 40021  97.9411  56.7624 0014402  73.0051 287.2744 14.90879954319381
NANOSATC-BR1            
1 40024U 14033Q   20125.51901395  .00000243  00000-0  31069-4 0  9996
2 40024  97.9266  53.0122 0013727  77.8800 282.3954 14.90052576318693
QB50P1                  
1 40025U 14033R   20125.44248260  .00000217  00000-0  28919-4 0  9995
2 40025  97.9148  49.7597 0013957  84.5481 275.7327 14.89118687318544
QB50P2                  
1 40032U 14033Y   20125.47781141  .00000229  00000-0  30587-4 0  9993
2 40032  97.9039  47.3589 0013331  81.6159 278.6568 14.88645786318961
PERSEUS-M2              
1 40037U 14033AD  20125.50962802  .00000054  00000-0  12269-4 0  9990
2 40037  97.8898  42.1863 0015865  95.7282 264.5742 14.86536454318634
PERSEUS-M1              
1 40039U 14033AF  20125.77730650  .00000043  00000-0  11087-4 0  9990
2 40039  97.8864  41.2706 0015717  93.0740 267.2274 14.86156143318599
POLYITAN-1              
1 40042U 14033AJ  20125.76703884  .00000242  00000-0  31803-4 0  9991
2 40042  97.9231  50.5837 0016125  74.7721 285.5277 14.88865469319002
TIGRISAT                
1 40043U 14033AK  20125.57913341  .00000133  00000-0  26751-4 0  9997
2 40043  97.7156 343.9437 0060844 139.3916 221.1855 14.74367934315589
AEROCUBE 6A             
1 40045U 14033AM  20125.54063834  .00000232  00000-0  40407-4 0  9993
2 40045  97.7406 349.1747 0058694 130.9978 229.6329 14.75558020315630
AEROCUBE 6B             
1 40046U 14033AN  20125.55008537  .00000226  00000-0  39545-4 0  9998
2 40046  97.7320 348.5053 0058027 130.2308 230.3999 14.75542350316013
UKUBE-1                 
1 40074U 14037F   20125.74954936  .00000247  00000-0  36643-4 0  9996
2 40074  98.4558 311.4853 0003367 263.8323  96.2510 14.84244527315279
BRITE-PL2 (HEWELIUSZ)   
1 40119U 14049B   20125.50732138  .00000132  00000-0  22147-4 0  9998
2 40119  97.8928 218.1647 0016063 251.0184 108.9290 14.84495896309173
FIREBIRD 4              
1 40378U 15003C   20125.73468285  .00002474  00000-0  97475-4 0  9997
2 40378  99.0989 177.0855 0125452  99.9754 261.5660 15.19942025290671
GRIFEX                  
1 40379U 15003D   20125.66536347  .00001662  00000-0  72778-4 0  9992
2 40379  99.1065 169.1713 0134121 124.1354 237.2680 15.16304546290212
EXOCUBE (CP10)          
1 40380U 15003E   20125.34552147  .00001418  00000-0  65705-4 0  9996
2 40380  99.1139 164.5650 0138933 139.3457 221.8242 15.14278540289877
AEROCUBE 8A             
1 40659U 15025J   20125.46781824  .00013803  00000-0  15096-3 0  9996
2 40659  55.0149 136.4038 0112444  61.9801 299.2556 15.56214348 36709
AEROCUBE 8B             
1 40660U 15025K   20125.52007729  .00014388  00000-0  15555-3 0  9999
2 40660  55.0120 134.2186 0111544  63.9905 297.2568 15.56559371 36728
TIANWANG 1C (TW-1C)     
1 40926U 15051B   20125.91225760  .00019269  00000-0  20284-3 0  9991
2 40926  97.0888 177.4389 0004600 236.8820 297.5937 15.64315231260215
TIANWANG 1A (TW-1A)     
1 40928U 15051D   20125.87907498  .00002834  00000-0  67417-4 0  9993
2 40928  97.1132 154.7682 0010347 356.6853 127.3091 15.42409462258658
EXACTVIEW 9             
1 40936U 15052G   20125.53387444  .00000769  00000-0  18466-4 0  9994
2 40936   6.0038 293.4686 0010450 358.7642   1.2460 14.76565676248723
AEROCUBE 5C             
1 40965U 15058B   20125.54855595  .00000046  00000-0  25390-4 0  9992
2 40965  64.7782 276.8844 0167824  90.3213 271.7123 14.74512458 34837
AEROCUBE 7              
1 40966U 15058C   20125.53773920  .00000088  00000-0  30241-4 0  9990
2 40966  64.7784 275.4597 0166742  90.0102 272.0108 14.74810182 34834
ATHENOXAT 1             
1 41168U 15077C   20125.36872232  .00001919  00000-0  64919-4 0  9996
2 41168  14.9892  24.8532 0011481 234.7387 125.1859 15.14306132242654
GALASSIA                
1 41170U 15077E   20125.35991918  .00001830  00000-0  59456-4 0  9993
2 41170  14.9894  16.9126 0012749 260.9149  98.9729 15.14605392242726
VELOX-II                
1 41171U 15077F   20125.17218409  .00001471  00000-0  45666-4 0  9990
2 41171  14.9918  61.3249 0008830 157.3221 202.7490 15.11653949242313
HORYU-4                 
1 41340U 16012D   20125.62328425  .00000440  00000-0  26594-4 0  9992
2 41340  31.0048 250.9083 0013804  73.1230 287.0918 15.01479068231281
E-ST@R-II               
1 41459U 16025D   20125.82032409  .00001040  00000-0  56447-4 0  9990
2 41459  98.0974 233.5501 0164797 359.1390   0.9528 15.06334927220878
AAUSAT 4                
1 41460U 16025E   20125.89069090  .00001388  00000-0  71806-4 0  9996
2 41460  98.0969 235.8012 0153651 348.1387  11.6231 15.08593893221071
BEESAT-4                
1 41619U 16040W   20125.43289717  .00001415  00000-0  61407-4 0  9996
2 41619  97.3230 186.0016 0010368 343.7781  16.3123 15.23910502202693
CANX-7                  
1 41788U 16059F   20125.84215017  .00011048  00000-0  15288-2 0  9997
2 41788  98.2517 212.5957 0030848  84.0077 276.4599 14.77888496193379
RAVAN                   
1 41849U 16067B   20125.53935851 -.00000195  00000-0 -11113-4 0  9993
2 41849  97.9298 234.6582 0009663  38.1869 322.0036 14.98532811190043
CELTEE 1                
1 41850U 16067C   20125.76178240  .00000254  00000-0  27245-4 0  9998
2 41850  97.9220 232.7387 0009365  41.7902 318.4033 14.97160767189960
OPTICUBE 04             
1 41851U 16067D   20125.55096766 -.00000133  00000-0 -62687-5 0  9996
2 41851  97.9212 232.1682 0009615  42.9374 317.2596 14.96909476189911
AEROCUBE 8D             
1 41852U 16067E   20125.23231269  .00000473  00000-0  46535-4 0  9999
2 41852  97.9219 231.6782 0010383  45.5541 314.6527 14.96886418189840
AEROCUBE 8C             
1 41853U 16067F   20125.53022158 -.00000127  00000-0 -57244-5 0  9996
2 41853  97.9226 231.8891 0011096  44.7985 315.4130 14.96857555189880
PROMETHEUS 2-1          
1 41854U 16067G   20125.57589509  .00000939  00000-0  86501-4 0  9995
2 41854  97.9232 232.2362 0011189  45.5371 314.6763 14.97161993189908
PROMETHEUS 2-3          
1 41855U 16067H   20125.57662509  .00000982  00000-0  90132-4 0  9991
2 41855  97.9235 232.2673 0011389  45.8056 314.4099 14.97172579189904
INS-1B                  
1 41954U 17008G   20125.44197602  .00001426  00000-0  60486-4 0  9993
2 41954  97.3573 190.6250 0010822  96.1420 264.1051 15.24685441178664
BGUSAT                  
1 41999U 17008BD  20125.44879364  .00002567  00000-0  98513-4 0  9993
2 41999  97.3682 194.5329 0009824 104.6141 255.6188 15.27342230178237
DIDO-2                  
1 42000U 17008BE  20125.46211784  .00000875  00000-0  38527-4 0  9994
2 42000  97.3581 191.1657 0010109 111.6258 248.6057 15.24414145178061
PEASSS                  
1 42015U 17008BV  20125.73437527  .00001132  00000-0  47453-4 0  9990
2 42015  97.3603 192.9460 0007941 113.0501 247.1576 15.25528786178686
AL-FARABI 1             
1 42016U 17008BW  20125.45150532  .00001631  00000-0  65520-4 0  9997
2 42016  97.3630 193.6405 0007828 113.2650 246.9413 15.26345531178813
NAYIF-1 (EO-88)         
1 42017U 17008BX  20125.43138858  .00001637  00000-0  65685-4 0  9991
2 42017  97.3625 193.6318 0007896 112.9087 247.2986 15.26385928178831
NSIGHT                  
1 42726U 98067MF  20116.07643009  .13690248  12613-4  18337-3 0  9995
2 42726  51.6113 128.9553 0003404 226.2479 133.8270 16.49117643167130
UCLSAT                  
1 42765U 17036A   20125.61051109  .00001176  00000-0  52208-4 0  9990
2 42765  97.3048 181.0215 0011536 171.9463 188.1962 15.23436994159312
LITUANICASAT-2          
1 42768U 17036D   20125.40546556  .00002244  00000-0  95500-4 0  9994
2 42768  97.3104 180.7283 0015290 164.7478 195.4223 15.23917142159136
AALTO-1                 
1 42775U 17036L   20125.39795217  .00000793  00000-0  37888-4 0  9992
2 42775  97.3026 178.7554 0014206 167.4346 192.7247 15.21781737158979
URSA MAIOR              
1 42776U 17036M   20125.45821554  .00000884  00000-0  41688-4 0  9998
2 42776  97.3039 179.0796 0014034 166.9201 193.2402 15.21958565158995
COMPASS 2               
1 42777U 17036N   20125.42394708  .00001726  00000-0  74444-4 0  9994
2 42777  97.3093 181.1803 0012777 164.6425 195.5203 15.23799708159094
DIAMOND RED             
1 42783U 17036U   20125.38827623  .00001024  00000-0  46712-4 0  9991
2 42783  97.3050 180.1180 0012129 175.0986 185.0372 15.22760118159048
PEGASUS                 
1 42784U 17036V   20125.62691455  .00001056  00000-0  47596-4 0  9997
2 42784  97.3054 180.7444 0012052 173.2191 186.9211 15.23129419159108
DIAMOND GREEN           
1 42785U 17036W   20125.38707637  .00001038  00000-0  47333-4 0  9990
2 42785  97.3053 180.1509 0012019 175.5942 184.5403 15.22759721159118
DIAMOND BLUE            
1 42786U 17036X   20125.58342288  .00000956  00000-0  43821-4 0  9996
2 42786  97.3051 180.3375 0011880 175.0200 185.1157 15.22760273159068
NUDTSAT                 
1 42787U 17036Y   20125.58962268  .00001732  00000-0  73470-4 0  9999
2 42787  97.3117 182.0045 0009804 172.7673 187.3709 15.24395151159019
SUCHAI                  
1 42788U 17036Z   20125.40405370  .00001401  00000-0  61223-4 0  9993
2 42788  97.3062 181.0756 0011639 172.1305 188.0118 15.23663023159176
SKCUBE                  
1 42789U 17036AA  20125.37998415  .00001312  00000-0  57767-4 0  9996
2 42789  97.3056 180.9178 0011512 172.3960 187.7454 15.23511862159087
VZLUSAT-1               
1 42790U 17036AB  20125.25006798  .00001743  00000-0  73927-4 0  9993
2 42790  97.3080 181.6682 0011102 170.3350 189.8103 15.24384823159114
ROBUSTA-1B              
1 42792U 17036AD  20125.40485782  .00001291  00000-0  56618-4 0  9992
2 42792  97.3059 181.1799 0011089 172.3385 187.8024 15.23698064159114
CICERO 6                
1 42793U 17036AE  20125.70191915  .00000855  00000-0  39158-4 0  9993
2 42793  97.3036 180.9318 0010332 173.2444 186.8934 15.23075324159207
D-SAT                   
1 42794U 17036AF  20125.55983783  .00000174  00000-0  20243-4 0  9998
2 42794  97.4979 160.3806 0127092 150.8958 209.9423 14.91259141156158
CORVUS BC2              
1 42846U 17042X   20125.71684619  .00000074  00000-0  12477-4 0  9996
2 42846  97.5288  11.2328 0011095  67.5932 292.6462 14.92092302152887
CORVUS BC1              
1 42847U 17042Y   20125.58138903  .00000107  00000-0  15748-4 0  9993
2 42847  97.5291  11.2649 0010743  67.4333 292.8022 14.92193246152862
MIRATA                  
1 43015U 17073C   20125.44686844  .00000563  00000-0  49129-4 0  9998
2 43015  97.7207  39.3360 0253007 191.8232 167.6971 14.79580443132710
MAKERSAT 0              
1 43016U 17073D   20125.26025769  .00000408  00000-0  37156-4 0  9997
2 43016  97.7244  39.3446 0255746 193.3858 166.0484 14.79166684132674
ASTERIA                 
1 43020U 98067NH  20115.24608386  .13500826  12580-4  23780-3 0  9993
2 43020  51.6421 146.4962 0005584 252.9464 107.0954 16.47464318139010
DELLINGR (RBLE)         
1 43021U 98067NJ  20125.58350041  .00011766  00000-0  10173-3 0  9992
2 43021  51.6345 143.8597 0000756 313.5667  46.5268 15.69699343139977
AEROCUBE 7B (OCSD B)    
1 43042U 17071F   20125.59808609  .00003410  00000-0  84464-4 0  9992
2 43042  51.6373 281.7144 0004067 241.7662 118.2914 15.43336821135609
AEROCUBE 7C (OCSD C)    
1 43043U 17071G   20125.79499324  .00002895  00000-0  73170-4 0  9993
2 43043  51.6372 280.7941 0004271 247.2666 112.7869 15.43311729135603
CHEFSAT                 
1 43044U 17071H   20125.46303947  .00006339  00000-0  12816-3 0  9999
2 43044  51.6373 269.0801 0004117 252.4983 107.5555 15.47824735135737
ASGARDIA 1              
1 43049U 17071N   20125.59555434  .00003164  00000-0  78922-4 0  9992
2 43049  51.6383 281.0303 0001882 261.6045  98.4728 15.43369611135587
ISARA                   
1 43050U 17071P   20125.48238298  .00006860  00000-0  14238-3 0  9993
2 43050  51.6357 271.3503 0001908 262.6282  97.4488 15.46904978135707
PROPCUBE 2 (FAUNA)      
1 43052U 17071R   20125.72380910  .00003540  00000-0  85987-4 0  9993
2 43052  51.6377 278.9049 0001862 257.7350 102.3428 15.43802812135610
CORVUS BC3              
1 43118U 18004H   20125.81046391  .00000636  00000-0  29785-4 0  9992
2 43118  97.4462 196.4346 0009781 196.7927 163.2987 15.23304699128357
MICROMAS-2A             
1 43131U 18004W   20125.42925471  .00001952  00000-0  80757-4 0  9997
2 43131  97.4507 197.6342 0008696 195.7355 164.3614 15.25150169128384
SPACEBEE-4              
1 43139U 18004AE  20125.43387063  .00002893  00000-0  11403-3 0  9991
2 43139  97.4539 198.7159 0008147 195.3533 164.7459 15.26376953128439
SPACEBEE-3              
1 43140U 18004AF  20125.73106546  .00003224  00000-0  12357-3 0  9999
2 43140  97.4555 199.6307 0007992 192.0474 168.0575 15.27226612128522
SPACEBEE-2              
1 43141U 18004AG  20125.45711778  .00003722  00000-0  14099-3 0  9996
2 43141  97.4567 199.5880 0007989 192.2480 167.8566 15.27514744128495
SPACEBEE-1              
1 43142U 18004AH  20125.50033255  .00003734  00000-0  14002-3 0  9997
2 43142  97.4572 199.8662 0007974 191.7562 168.3492 15.27849601128501
CICERO 7                
1 43143U 18004AJ  20125.23493102  .00001799  00000-0  74515-4 0  9994
2 43143  97.4487 197.6317 0006629 203.9780 156.1150 15.25206929128373
GOMX-4B                 
1 43196U 18015E   20125.89189271  .00000407  00000-0  19605-4 0  9999
2 43196  97.4298 254.7779 0017332 256.9029 103.0273 15.24222422125262
GOMX-4A                 
1 43197U 18015F   20125.86581310  .00000725  00000-0  32385-4 0  9990
2 43197  97.4294 254.8280 0017413 257.6377 221.6985 15.24445907125274
1KUNS-PF                
1 43466U 98067NP  20125.42645161  .00180695  23909-4  45314-3 0  9998
2 43466  51.6246 124.3951 0005299  43.7112 316.4315 15.95300429113474
UBAKUSAT                
1 43467U 98067NQ  20125.61967123  .00023532  00000-0  16974-3 0  9994
2 43467  51.6322 146.9946 0001140  24.9398 335.1655 15.73419133113207
CUBERRT                 
1 43546U 98067NU  20125.47823077  .00010342  00000-0  81329-4 0  9997
2 43546  51.6333 146.8249 0002847 304.9063  55.1667 15.72168948103325
TEMPEST-D               
1 43547U 98067NV  20125.53054856  .00004537  00000-0  56894-4 0  9994
2 43547  51.6361 173.5395 0004324 254.8941 105.1574 15.62002021102652
RAINCUBE                
1 43548U 98067NW  20125.56237480  .00022387  00000-0  17019-3 0  9992
2 43548  51.6319 154.8599 0003770 311.9607  48.1069 15.72207721103350
HALOSAT                 
1 43549U 98067NX  20125.79916624  .00014055  00000-0  11106-3 0  9996
2 43549  51.6349 154.2569 0003259 317.1657  42.9087 15.71684014102949
ENDUROSAT ONE           
1 43551U 98067NZ  20125.52437332  .00040995  00000-0  24072-3 0  9992
2 43551  51.6334 146.3255 0004167 336.0912  23.9895 15.77830009103437
EQUISAT                 
1 43552U 98067PA  20125.52910401  .00022060  00000-0  16721-3 0  9991
2 43552  51.6342 153.9926 0004439 315.1981  44.8659 15.72284951103290
AEROCUBE 12A            
1 43556U 18046C   20125.53648712  .00002096  00000-0  84164-4 0  9992
2 43556  51.6426 316.5581 0008746 136.0468 224.1210 15.29687270100652
AEROCUBE 12B            
1 43557U 18046D   20125.52401370  .00001338  00000-0  58662-4 0  9991
2 43557  51.6429 317.2144 0008748 135.5375 224.6308 15.29422056100597
UITMSAT-1               
1 43589U 98067PD  20125.49553048  .00030033  00000-0  20587-3 0  9991
2 43589  51.6304 152.8463 0004588 332.9443  27.1317 15.74451645 99047
MAYA-1                  
1 43590U 98067PE  20125.36146165  .00034770  00000-0  23748-3 0  9991
2 43590  51.6300 153.4605 0004689 331.4813  28.5929 15.74455689 98952
BHUTAN-1                
1 43591U 98067PF  20125.46471423  .00033923  00000-0  23064-3 0  9991
2 43591  51.6322 152.7081 0004636 332.9317  27.1440 15.74575038 98970
SIRIUSSAT-1             
1 43595U 98067PG  20125.70652985  .00025347  00000-0  19020-3 0  9994
2 43595  51.6318 155.7903 0002088 331.1031  28.9852 15.72437472 98139
SIRIUSSAT-2             
1 43596U 98067PH  20125.57471396  .00025828  00000-0  19462-3 0  9999
2 43596  51.6323 157.2311 0002135 317.3813  42.7019 15.72326978 98107
TANUSHA-3               
1 43597U 98067PJ  20125.55132311  .00057392  00000-0  29698-3 0  9992
2 43597  51.6287 147.1142 0003677   3.2517 356.8508 15.80487099 98238
SURFSAT                 
1 43614U 18070B   20125.51785871  .00002595  00000-0  67187-4 0  9990
2 43614  93.0202 136.4339 0017158 139.0224 221.2324 15.38989440 91724
CP7 (DAVE)              
1 43615U 18070C   20125.67534806  .00002450  00000-0  63693-4 0  9996
2 43615  93.0203 136.4918 0017360 138.1849 222.0735 15.38855645 91743
ELFIN-B                 
1 43616U 18070D   20125.55787078  .00003333  00000-0  83090-4 0  9999
2 43616  93.0167 136.3728 0017764 140.3647 219.8910 15.40107061 91766
ELFIN-A                 
1 43617U 18070E   20125.53121356  .00003596  00000-0  89168-4 0  9992
2 43617  93.0219 136.8373 0017264 137.3229 222.9370 15.40277358 91765
CUBEBEL-1 (BSUSAT-1)    
1 43666U 18083E   20125.87559205  .00001086  00000-0  56351-4 0  9995
2 43666  97.4921 152.7643 0015683 146.1151 338.4462 15.18181534 84008
DEBRISSAT-2             
1 43680U 98067PR  20125.51281060  .00245583  35229-4  56496-3 0  9999
2 43680  51.6278 137.7949 0006594  28.4285 331.7082 15.96775677107085
CICERO 10               
1 43690U 18088A   20125.52205471  .00000863  00000-0  37867-4 0  9995
2 43690  85.0352 107.2684 0017184 108.4137 251.8974 15.20171500 82086
IRVINE01                
1 43693U 18088D   20125.39848870  .00002608  00000-0  10964-3 0  9996
2 43693  85.0322 106.1715 0020502  92.9856 267.3733 15.22692075 82141
PROXIMA I               
1 43694U 18088E   20125.69585283  .00001005  00000-0  42084-4 0  9995
2 43694  85.0295 105.7951 0021693  85.0413 275.3305 15.21901847 82189
PROXIMA II              
1 43696U 18088G   20125.49688789  .00000997  00000-0  41720-4 0  9995
2 43696  85.0296 105.9298 0021738  85.6092 274.7633 15.21903997 82159
FACSAT-1                
1 43721U 18096C   20125.50735575  .00001233  00000-0  49043-4 0  9991
2 43721  97.4223 199.3173 0015927 278.6670  81.2764 15.27113684 79685
CENTAURI-2              
1 43722U 18096D   20125.80981927  .00001510  00000-0  58568-4 0  9999
2 43722  97.4233 199.8528 0015899 277.2692  82.6739 15.27606520 79732
INNOSAT-2               
1 43738U 18096V   20125.84360017  .00001991  00000-0  70544-4 0  9992
2 43738  97.4250 201.6765 0021748 284.9372  74.9460 15.30129604 79869
SIRION PATHFINDER-2     
1 43759U 18099B   20125.81312631  .00000547  00000-0  54887-4 0  9992
2 43759  97.7073 198.2118 0013401 334.8098  25.2467 14.95260374 77402
CORVUS-BC 4             
1 43767U 18099K   20125.47037386  .00000462  00000-0  47785-4 0  9999
2 43767  97.7054 197.3334 0011089 341.3127  18.7684 14.94704884 77334
MOVE-II                 
1 43780U 18099Y   20125.76265035  .00000539  00000-0  54012-4 0  9996
2 43780  97.7081 198.0812 0012948 347.7306  12.3597 14.95362713 77382
SPACEBEE-7              
1 43816U 18099BL  20125.44300120 -.00000029  00000-0  26124-5 0  9995
2 43816  97.7093 198.1315 0012541 332.0523  28.0023 14.95660758 76917
SPACEBEE-5              
1 43817U 18099BM  20125.28000879  .00001479  00000-0  13613-3 0  9992
2 43817  97.7140 198.3487 0011854 332.9627  27.0975 14.96225471 76907
SPACEBEE-6              
1 43818U 18099BN  20125.14432454  .00000948  00000-0  89976-4 0  9992
2 43818  97.7105 197.9554 0012236 332.8140  27.2439 14.95836693 77027
SHIELDS 1               
1 43850U 18104B   20125.72550117  .00000041  00000-0  00000+0 0  9996
2 43850  85.0310 204.2514 0013079 224.6777 135.3507 15.21353071 76827
STF-1                   
1 43852U 18104D   20125.27449753  .00000041  00000-0  00000-0 0  9992
2 43852  85.0328 205.0562 0012172 243.0802 116.9348 15.21203259 76737
ZACUBE-2                
1 43907U 18111AH  20125.80540432  .00000425  00000-0  20047-4 0  9999
2 43907  97.2694  26.8753 0020015 300.4931  59.4330 15.24548424 75365
LUME 1                  
1 43908U 18111AJ  20125.54505338  .00001014  00000-0  43328-4 0  9999
2 43908  97.2694  26.7648 0019782 301.2658  58.6642 15.24963578 75337
AOBA VELOX-IV           
1 43940U 19003J   20122.67935571  .00002295  00000-0  94415-4 0  9998
2 43940  97.2321 175.5541 0024757  33.1416  83.9199 15.24860275 71521
CATSAT-2                
1 44029U 98067PV  20125.56233643  .00012608  00000-0  13622-3 0  9995
2 44029  51.6379 178.3057 0003917 297.0167  63.0427 15.64028894 71653
DELPHINI                
1 44030U 98067PW  20125.41407549  .00016721  00000-0  17319-3 0  9996
2 44030  51.6342 177.9726 0003811 299.4307  60.6307 15.64830232 71611
UNITE                   
1 44031U 98067PX  20125.45434199  .00008915  00000-0  11173-3 0  9990
2 44031  51.6371 183.5482 0002720 286.0024  74.0669 15.60603348 71546
TECHEDSAT 8             
1 44032U 98067PY  20111.15468586  .13178104  12516-4  85387-3 0  9999
2 44032  51.6107 221.1148 0008059 315.3167  44.7209 16.40789031 69743
CATSAT-1                
1 44033U 98067PZ  20125.56219652  .00011595  00000-0  12582-3 0  9992
2 44033  51.6381 178.3105 0003711 296.4380  63.6234 15.64014920 71564
RAAVANA-1               
1 44329U 98067QE  20125.56294858  .00008028  00000-0  11503-3 0  9990
2 44329  51.6388 194.0695 0005172 199.3000 160.7797 15.57159016 50165
UGUISU                  
1 44330U 98067QF  20125.44493765  .00009225  00000-0  13149-3 0  9995
2 44330  51.6386 194.7770 0005212 196.8626 163.2194 15.57088199 50125
NEPALISAT-1             
1 44331U 98067QG  20125.55614040  .00008122  00000-0  11616-3 0  9991
2 44331  51.6390 194.0229 0005238 200.7380 159.3400 15.57189096 50150
SPOOQY-1                
1 44332U 98067QH  20125.49292792  .00008663  00000-0  12382-3 0  9992
2 44332  51.6390 194.3478 0004233 203.5708 156.5090 15.57109055 50105
SPACEBEE-9              
1 44370U 19037F   20125.84366410  .00006926  00000-0  16177-3 0  9998
2 44370  45.0161 359.4750 0013631 288.3943  71.5466 15.42877690 47864
SPACEBEE-8              
1 44371U 19037G   20125.05813420  .00014115  00000-0  28412-3 0  9994
2 44371  45.0173 359.5417 0011156 285.4227  74.5418 15.46515941 47785
IOD-1 GEMS              
1 44385U 98067QK  20125.47603493  .00014286  00000-0  18611-3 0  9991
2 44385  51.6403 193.5292 0001578 141.9608 218.1496 15.59003193 47633
MOVE-IIB                
1 44398U 19038N   20125.74975462  .00001008  00000-0  61792-4 0  9991
2 44398  97.5326  87.5509 0023563 279.1842  80.6723 15.12241359 45972
SONATE                  
1 44400U 19038Q   20125.44332022  .00000509  00000-0  33419-4 0  9991
2 44400  97.5360  87.2667 0023571 278.4017  81.4541 15.11918433 45926
LUCKY-7                 
1 44406U 19038W   20125.53275796  .00000500  00000-0  32663-4 0  9992
2 44406  97.5356  87.4439 0023016 277.8061  82.0557 15.12174516 45934
BEESAT 9                
1 44412U 19038AC  20125.53346485  .00000725  00000-0  45585-4 0  9999
2 44412  97.5348  87.4258 0021135 284.2194  75.6689 15.12237660 45631
JAISAT-1                
1 44419U 19038F   20125.43547933  .00000888  00000-0  54251-4 0  9996
2 44419  97.5349  87.5602 0019964 283.8884  76.0126 15.12720852 45946
SWIATOWID               
1 44426U 98067QL  20125.71975904  .00016781  00000-0  21189-3 0  9999
2 44426  51.6418 191.9653 0002086 140.7345 301.7293 15.59688743 47687
KRAKSAT                 
1 44427U 98067QM  20125.61352117  .00006427  00000-0  99521-4 0  9996
2 44427  51.6429 196.3777 0003570 146.7625   0.3813 15.55424143 47657
VCC A                   
1 44428U 98067QN  20125.47404542  .00009327  00000-0  13547-3 0  9996
2 44428  51.6405 195.7618 0001989 165.1008 195.0042 15.56563097 47650
ENTRYSAT                
1 44429U 98067QP  20125.46927807  .00011568  00000-0  16131-3 0  9992
2 44429  51.6389 194.9609 0001675 151.9037 208.2045 15.57396554 47664
VCC C                   
1 44430U 98067QQ  20125.47295122  .00014147  00000-0  18863-3 0  9993
2 44430  51.6386 194.2458 0001258 170.9534 189.1481 15.58390225 46499
VCC B                   
1 44431U 98067QR  20125.47476250  .00009496  00000-0  13764-3 0  9993
2 44431  51.6396 195.7555 0002065 164.7002 195.4053 15.56594853 47591
ATL-1                   
1 44830U 19084G   20125.53324593  .00046806  00000-0  31230-3 0  9991
2 44830  96.9819 354.3805 0030437  49.3872 311.0034 15.74565026 23537
SMOG-P                  
1 44832U 19084J   20125.36953847  .00062518  00000-0  40214-3 0  9994
2 44832  96.9828 354.3130 0029362  48.8983 311.4812 15.75395008 23510
DUCHIFAT-3              
1 44854U 19089C   20125.79919927  .00000366  00000-0  36063-4 0  9992
2 44854  36.9687 356.3333 0007303  60.4576 299.6902 14.99041002 21744
ORBITAL FACTORY 2 (OF-2)
1 45113U 19071C   20125.55455199  .00001341  00000-0  52710-4 0  9993
2 45113  51.6441 215.5867 0012645 258.9307 101.0253 15.33204042 14396
