BEIJING 1               
1 28890U 05043A   20125.47680493  .00000031  00000-0  15413-4 0  9992
2 28890  98.0220 255.5566 0016582  82.1267 278.1825 14.61288419774096
HJ-1A                   
1 33320U 08041A   20125.84440376  .00000085  00000-0  19095-4 0  9991
2 33320  97.7910 179.3098 0026029 210.6467 149.3219 14.77062399628168
HJ-1B                   
1 33321U 08041B   20125.84472902  .00000088  00000-0  19448-4 0  9997
2 33321  97.7991 181.5554 0033413 239.1239 120.6672 14.77223109628161
YAOGAN 4                
1 33446U 08061A   20125.78389650  .00000048  00000-0  13682-4 0  9997
2 33446  97.7229  83.2047 0017423 119.2871 241.0084 14.77024352615385
DEIMOS-1                
1 35681U 09041A   20125.84695565  .00000045  00000-0  14710-4 0  9991
2 35681  97.8185   1.0876 0001730 139.9973 220.1364 14.71831700577972
UK-DMC 2                
1 35683U 09041C   20125.51369225  .00000032  00000-0  12531-4 0  9993
2 35683  97.7052 330.4355 0001105  98.1692 261.9663 14.71143369577711
RISAT 1                 
1 38248U 12017A   20125.78038747  .00000509  00000-0  35154-4 0  9996
2 38248  97.5675 135.5411 0005405  50.4218 309.7488 15.10058203442048
DMC3-FM1                
1 40715U 15032A   20125.79621450 -.00000005  00000-0  68888-5 0  9991
2 40715  97.9378  20.4072 0016178   9.0881 351.0619 14.73686816259221
DMC3-FM2                
1 40716U 15032B   20125.81832589 -.00000002  00000-0  72836-5 0  9997
2 40716  97.9404  20.7714 0013573  18.4923 341.6778 14.73692313259236
DMC3-FM3                
1 40717U 15032C   20125.84110342 -.00000003  00000-0  72578-5 0  9991
2 40717  97.9413  21.5096 0017165  10.1790 349.9764 14.73698275259230
