STARLETTE               
1 07646U 75010A   20125.55522804 -.00000142  00000-0 -14113-5 0  9991
2 07646  49.8248 284.7322 0205741 241.1284 116.8825 13.82307484285432
LAGEOS 1                
1 08820U 76039A   20125.58158005  .00000031  00000-0  00000-0 0  9999
2 08820 109.8240 133.9259 0044276  59.7586  85.2776  6.38664642770744
AJISAI (EGS)            
1 16908U 86061A   20125.57486613 -.00000082  00000-0  10465-3 0  9995
2 16908  50.0073 178.6078 0011386 252.2950 196.4867 12.44491902202272
COSMOS 1989 (ETALON 1)  
1 19751U 89001C   20125.39577084  .00000108  00000-0  00000-0 0  9993
2 19751  64.1817 148.9784 0022640 211.0908 261.2826  2.13156300243735
COSMOS 2024 (ETALON 2)  
1 20026U 89039C   20125.42727559 -.00000067  00000-0  00000+0 0  9993
2 20026  65.4738  26.6288 0018109 221.3429  55.9749  2.13204224240857
LAGEOS 2                
1 22195U 92070B   20125.55946837 -.00000009  00000-0  00000-0 0  9994
2 22195  52.6480 238.9101 0137922 289.9446  44.1845  6.47293979650964
STELLA                  
1 22824U 93061B   20125.60296579 -.00000043  00000-0  16033-5 0  9997
2 22824  98.9599 115.3437 0005570 228.5328 248.0485 14.27380427385982
LARES                   
1 38077U 12006A   20125.43930941 -.00000077  00000-0 -23466-3 0  9997
2 38077  69.4910 149.3929 0009281 335.2032  24.8547 12.54930647376794
