GOES 1 (SMS-C) [-]      
1 08366U 75100A   20321.61581598 -.00000037  00000-0  00000+0 0  9997
2 08366   9.6261 303.0810 0003379 317.1994 263.3538  1.00230330164766
GOES 2 [-]              
1 10061U 77048A   20321.53512789 -.00000017  00000-0  00000+0 0  9990
2 10061  11.1045 313.4160 0014888   0.8109  17.1675  0.99393472103251
GOES 3 [-]              
1 10953U 78062A   20321.18868703 -.00000039  00000-0  00000+0 0  9992
2 10953  11.3751 317.5181 0001741  18.3971 167.9992  0.99362314108331
GOES 4 [-]              
1 11964U 80074A   20321.73376434 -.00000181  00000-0  00000+0 0  9995
2 11964  12.2772 321.2841 0033257  51.0552 307.0869  0.99233285107409
GOES 5 [-]              
1 12472U 81049A   20321.62411167 -.00000108  00000-0  00000+0 0  9993
2 12472  12.8928 332.1288 0002064 318.8853 245.4076  1.00204606102520
GOES 6 [-]              
1 14050U 83041A   20321.62036866 -.00000079  00000-0  00000+0 0  9997
2 14050  13.3383 337.2540 0001042  90.8312 101.7979  1.00218296195612
GOES 7 [-]              
1 17561U 87022A   20321.00499772 -.00000297  00000-0  00000+0 0  9993
2 17561  14.6881 353.5442 0005768  12.9130 354.9882  0.99900093106610
GOES 8 [-]              
1 23051U 94022A   20321.23754072 -.00000251  00000-0  00000+0 0  9994
2 23051  12.6769  28.4029 0005070 322.8913 118.5714  0.98907018103956
GOES 9 [-]              
1 23581U 95025A   20321.62132751 -.00000032  00000-0  00000+0 0  9990
2 23581  12.1654  28.4470 0002859  88.0568 254.1657  0.98797994 92614
GOES 10 [-]             
1 24786U 97019A   20321.33252177 -.00000225  00000-0  00000+0 0  9990
2 24786  10.7727  34.2225 0026399 192.6678 119.4141  0.99126572 85857
GOES 11 [-]             
1 26352U 00022A   20321.50145028 -.00000017  00000-0  00000+0 0  9993
2 26352   7.4770  63.7727 0003444 200.9645 176.3658  0.99043326 74809
GOES 12 [-]             
1 26871U 01031A   20321.34764219 -.00000102  00000-0  00000+0 0  9996
2 26871   8.4986  51.8244 0006580 270.0000 140.2594  0.99136118 70520
EWS-G1 (GOES 13) [+]    
1 29155U 06018A   20321.74979993  .00000037  00000-0  00000+0 0  9991
2 29155   0.2134 112.2920 0008092 108.2881 167.1969  1.00268988 53074
GOES 14 [B]             
1 35491U 09033A   20321.62448792 -.00000093  00000-0  00000+0 0  9999
2 35491   0.2319 264.9417 0013311 314.9452 316.8158  1.00271683 41712
GOES 15 [B]             
1 36411U 10008A   20321.70864037  .00000049  00000-0  00000+0 0  9999
2 36411   0.2427 100.4245 0001413 307.5342 135.8927  1.00283526 39229
GOES 16 [+]             
1 41866U 16071A   20321.57551819 -.00000249  00000-0  00000+0 0  9994
2 41866   0.0146 265.3330 0000908  17.4487 265.3555  1.00272447 14663
GOES 17 [+]             
1 43226U 18022A   20321.70663395  .00000097  00000-0  00000+0 0  9992
2 43226   0.0256 273.5135 0000119 291.9533 327.9543  1.00273264  9996
