IRIDIUM 7               
1 24793U 97020B   24226.74415388  .00001598  00000+0  55078-3 0  9999
2 24793  86.3972 305.7308 0002423  89.9715 270.1759 14.35348309427787
IRIDIUM 5               
1 24795U 97020D   24227.24297764  .00010949  00000+0  10220-2 0  9992
2 24795  86.3903 224.5583 0121631 154.8404 205.8817 14.88540030439737
IRIDIUM 4               
1 24796U 97020E   24227.20154449  .00001660  00000+0  56179-3 0  9995
2 24796  86.3961 302.6181 0002350  95.1511 264.9954 14.36279105428423
IRIDIUM 914             
1 24836U 97030A   24227.21545668  .00002216  00000+0  69554-3 0  9998
2 24836  86.3958 312.1279 0003484 120.2167 239.9377 14.40159162425034
IRIDIUM 16              
1 24841U 97030F   24227.13729868  .00002408  00000+0  78947-3 0  9990
2 24841  86.4076 334.2857 0002789  44.6060 315.5362 14.38048742423128
IRIDIUM 911             
1 24842U 97030G   24226.78680678  .00003107  00000+0  85285-3 0  9996
2 24842  86.4500 333.5081 0015752  49.0899 311.1664 14.46732051430627
IRIDIUM 17              
1 24870U 97034B   24227.14304126  .00002466  00000+0  82353-3 0  9993
2 24870  86.3994   3.8475 0000982  46.4442 313.6837 14.37137612419473
IRIDIUM 920             
1 24871U 97034C   24226.65504917  .00002281  00000+0  70564-3 0  9995
2 24871  86.4020 344.0076 0012237  26.7599 333.4230 14.40852632422282
IRIDIUM 921             
1 24873U 97034E   24226.83723495  .00058374  00000+0  12764-2 0  9992
2 24873  86.3758 259.4725 0004652  68.7583 291.4169 15.43925837484062
IRIDIUM 26              
1 24903U 97043A   24226.79896169  .00001613  00000+0  54358-3 0  9990
2 24903  86.3923 239.5741 0002424  86.3411 273.8063 14.36486078412606
IRIDIUM 22              
1 24907U 97043E   24226.96897004  .00001467  00000+0  50487-3 0  9998
2 24907  86.3923 242.7857 0002263  91.2145 268.9311 14.35370405412699
DUMMY MASS 1            
1 24925U 97048A   24226.89174089  .00001455  00000+0  16197-3 0  9993
2 24925  86.3316 277.3236 0008079 140.2351 219.9467 14.86339732459474
DUMMY MASS 2            
1 24926U 97048B   24226.87043047  .00001452  00000+0  16261-3 0  9990
2 24926  86.3317 278.8874 0008476 151.2266 208.9427 14.86097065459258
IRIDIUM 29              
1 24944U 97051A   24226.39617534  .00001168  00000+0  39688-3 0  9991
2 24944  86.3920 272.9163 0002259  99.0122 261.1331 14.35820999409318
IRIDIUM 33              
1 24946U 97051C   24226.82580619  .00000966  00000+0  33626-3 0  9995
2 24946  86.3833 271.9838 0008220  17.5602 342.5876 14.34452026408681
IRIDIUM 28              
1 24948U 97051E   24226.84960703  .00001455  00000+0  48687-3 0  9992
2 24948  86.3922 270.4147 0002400  81.9302 278.2168 14.36779667409770
IRIDIUM 36              
1 24967U 97056C   24226.92364722  .00001660  00000+0  55439-3 0  9997
2 24967  86.3971 302.0571 0002052  92.3496 267.7937 14.36951716408088
IRIDIUM 39              
1 25042U 97069D   24227.05414136  .00003512  00000+0  93606-3 0  9992
2 25042  86.3960 342.7857 0016239 248.9540 110.9927 14.48174639404752
IRIDIUM 38              
1 25043U 97069E   24226.91314922  .00002454  00000+0  81515-3 0  9999
2 25043  86.3997   2.4044 0003350  63.3204 296.8337 14.37409695401800
IRIDIUM 42              
1 25077U 97077A   24226.68609935  .00002259  00000+0  77614-3 0  9998
2 25077  86.3996   8.2865 0002622  82.3726 277.7769 14.35693529397060
IRIDIUM 44              
1 25078U 97077B   24226.77113944  .00002297  00000+0  73033-3 0  9992
2 25078  86.3999 351.0103 0001535  36.7859 323.3445 14.39544287399465
IRIDIUM 45              
1 25104U 97082A   24227.15897102  .00040878  00000+0  21536-2 0  9993
2 25104  86.3746 195.0045 0154001  29.6319 331.3530 15.05669960405827
IRIDIUM 24              
1 25105U 97082B   24226.92692190  .00002396  00000+0  73406-3 0  9995
2 25105  86.3919 210.4306 0012275  24.2136 335.9638 14.41336085398947
IRIDIUM 51              
1 25262U 98018A   24226.93121037  .00044119  00000+0  19014-2 0  9990
2 25262  86.3959 204.7353 0134795 330.8106  28.5644 15.14443256400146
IRIDIUM 57              
1 25273U 98019B   24226.87175032  .00001289  00000+0  44336-3 0  9997
2 25273  86.3924 273.9562 0002270  91.5499 268.5957 14.35329270380699
IRIDIUM 63              
1 25286U 98021B   24226.94299810  .00002076  00000+0  71009-3 0  9995
2 25286  86.3992 210.8338 0002363  94.6671 265.4796 14.35889781379747
IRIDIUM 69              
1 25319U 98026A   24226.70231752  .00002160  00000+0  67822-3 0  9994
2 25319  86.3963 225.1416 0001849  26.0041 334.1251 14.40144181378794
IRIDIUM 71              
1 25320U 98026B   24226.96794955  .00002443  00000+0  76309-3 0  9997
2 25320  86.3969 219.7804 0003700  57.4587 302.6969 14.40451190379353
IRIDIUM 73              
1 25344U 98032C   24227.10611136  .00003215  00000+0  81304-3 0  9995
2 25344  86.4474 177.0975 0002166  77.0757 283.0689 14.50728972386320
IRIDIUM 82              
1 25467U 98051A   24226.80977854  .00029947  00000+0  14206-2 0  9996
2 25467  86.3717 258.3816 0121618   9.7864 350.5701 15.12715552377196
