IRIDIUM 106             
1 41917U 17003A   20154.85215686  .00000056  00000-0  13029-4 0  9996
2 41917  86.3954 290.0501 0001914  85.4223 274.7192 14.34216873177113
IRIDIUM 103             
1 41918U 17003B   20154.83947508  .00000049  00000-0  10483-4 0  9993
2 41918  86.3953 289.9625 0002537  87.3802 272.7685 14.34217081177143
IRIDIUM 109             
1 41919U 17003C   20154.84581267  .00000055  00000-0  12459-4 0  9993
2 41919  86.3955 289.9828 0002264  91.1873 268.9582 14.34216931177101
IRIDIUM 102             
1 41920U 17003D   20154.88387695  .00000049  00000-0  10557-4 0  9998
2 41920  86.3953 289.9378 0002416  97.7340 262.4130 14.34215040177198
IRIDIUM 105             
1 41921U 17003E   20154.78518753  .00000061  00000-0  14557-4 0  9997
2 41921  86.3987 258.3569 0001926  65.5427 294.5970 14.34216499179034
IRIDIUM 104             
1 41922U 17003F   20154.82678259  .00000054  00000-0  12060-4 0  9990
2 41922  86.3955 289.9707 0002047  84.8309 275.3121 14.34216484177174
IRIDIUM 114             
1 41923U 17003G   20154.83312204  .00000052  00000-0  11447-4 0  9993
2 41923  86.3955 289.9578 0001954 100.2020 259.9396 14.34217458177174
IRIDIUM 108             
1 41924U 17003H   20154.79165775  .00000043  00000-0  83850-5 0  9996
2 41924  86.3983 258.3766 0001904  91.9282 268.2132 14.34217434179027
IRIDIUM 112             
1 41925U 17003J   20154.89020597  .00000056  00000-0  13098-4 0  9990
2 41925  86.3950 289.8801 0002186 105.4988 254.6450 14.34217560177196
IRIDIUM 111             
1 41926U 17003K   20154.87751434  .00000050  00000-0  10784-4 0  9993
2 41926  86.3953 289.9084 0002441  87.7741 272.3735 14.34215496177163
IRIDIUM 113             
1 42803U 17039A   20154.57841554  .00000056  00000-0  13098-4 0  9994
2 42803  86.3979 163.7906 0002532  82.1684 277.9799 14.34215807155055
IRIDIUM 123             
1 42804U 17039B   20154.61990204  .00000079  00000-0  21024-4 0  9990
2 42804  86.4003 195.3071 0002574  91.9406 268.2085 14.34217431153824
IRIDIUM 120             
1 42805U 17039C   20154.57207694  .00000088  00000-0  24446-4 0  9991
2 42805  86.3968 163.8614 0002535  80.1863 279.9619 14.34217132155047
IRIDIUM 115             
1 42806U 17039D   20154.56592581  .00000086  00000-0  19568-4 0  9990
2 42806  86.4507 163.6564 0004628 105.2405 254.9308 14.43279791156134
IRIDIUM 118             
1 42807U 17039E   20154.65160474  .00000070  00000-0  18092-4 0  9997
2 42807  86.4002 195.3010 0002549  99.0397 261.1087 14.34216572153828
IRIDIUM 117             
1 42808U 17039F   20154.60086255  .00000042  00000-0  78393-5 0  9997
2 42808  86.4002 195.2992 0002219  80.6351 279.5095 14.34215258153841
IRIDIUM 126             
1 42809U 17039G   20154.62621046  .00000079  00000-0  21067-4 0  9998
2 42809  86.4003 195.3053 0002430  89.7141 270.4334 14.34220965153830
IRIDIUM 124             
1 42810U 17039H   20154.84646672  .00000085  00000-0  19276-4 0  9992
2 42810  86.4481 132.0338 0001982  79.6374 280.5050 14.43281870157027
IRIDIUM 128             
1 42811U 17039J   20154.68675134  .00000059  00000-0  13883-4 0  9999
2 42811  86.4008 226.7929 0003009  82.8999 277.2539 14.34216791153864
IRIDIUM 121             
1 42812U 17039K   20154.64526556  .00000053  00000-0  11987-4 0  9996
2 42812  86.4004 195.3130 0002491  90.3600 269.7881 14.34215673153700
IRIDIUM 133             
1 42955U 17061A   20154.71845971  .00000054  00000-0  12189-4 0  9998
2 42955  86.4010 226.8457 0002701  88.7573 271.3932 14.34219525138665
IRIDIUM 100             
1 42956U 17061B   20154.71212718  .00000060  00000-0  14362-4 0  9998
2 42956  86.4008 226.8197 0002299  92.5071 267.6388 14.34216647138689
IRIDIUM 122             
1 42957U 17061C   20154.75017117  .00000011  00000-0 -31690-5 0  9990
2 42957  86.4008 226.7996 0002823  83.9429 276.2088 14.34216261138674
IRIDIUM 129             
1 42958U 17061D   20154.70577035  .00000053  00000-0  12003-4 0  9997
2 42958  86.4009 226.8609 0002703  88.7578 271.3927 14.34219542138687
IRIDIUM 119             
1 42959U 17061E   20154.74382802  .00000056  00000-0  12986-4 0  9991
2 42959  86.4010 226.8299 0002697  90.6749 269.4756 14.34219934138705
IRIDIUM 107             
1 42960U 17061F   20154.69308225  .00000053  00000-0  11936-4 0  9995
2 42960  86.4010 226.8585 0002354  90.2046 269.9419 14.34215506138714
IRIDIUM 132             
1 42961U 17061G   20154.69944045  .00000066  00000-0  16516-4 0  9995
2 42961  86.4009 226.8476 0002255  84.8525 275.2928 14.34218670138702
IRIDIUM 136             
1 42962U 17061H   20154.80091948  .00000055  00000-0  12704-4 0  9997
2 42962  86.4010 226.8050 0002734  93.6411 266.5097 14.34218724138730
IRIDIUM 139             
1 42963U 17061J   20154.73748910  .00000058  00000-0  13759-4 0  9992
2 42963  86.4011 226.8579 0002441  89.0413 271.1063 14.34217015138731
IRIDIUM 125             
1 42964U 17061K   20154.72479671  .00000088  00000-0  24442-4 0  9991
2 42964  86.4013 226.8843 0002348  89.7762 270.3703 14.34215764138740
IRIDIUM 135             
1 43070U 17083A   20154.55939097  .00000098  00000-0  28009-4 0  9992
2 43070  86.3973 163.7810 0001915  95.5159 264.6256 14.34217792128011
IRIDIUM 138             
1 43071U 17083B   20154.72430426  .00000101  00000-0  28938-4 0  9990
2 43071  86.3962 163.6139 0002490  87.2536 272.8945 14.34216332128025
IRIDIUM 116             
1 43072U 17083C   20154.55304398  .00000098  00000-0  27771-4 0  9999
2 43072  86.3973 163.7957 0002353  98.1455 262.0008 14.34218627128037
IRIDIUM 130             
1 43073U 17083D   20154.73063646  .00000097  00000-0  27749-4 0  9992
2 43073  86.3981 163.7799 0002457  90.7523 269.3954 14.34218975128003
IRIDIUM 151             
1 43074U 17083E   20154.56572019  .00000087  00000-0  23938-4 0  9998
2 43074  86.3974 163.7973 0002457  99.4856 260.6618 14.34215005128007
IRIDIUM 134             
1 43075U 17083F   20154.74333221  .00000102  00000-0  29211-4 0  9997
2 43075  86.3975 163.7000 0002141  82.4394 277.7045 14.34217254127997
IRIDIUM 137             
1 43076U 17083G   20154.75600732  .00000100  00000-0  28650-4 0  9997
2 43076  86.3977 163.7473 0002479  98.8066 261.3410 14.34216495128065
IRIDIUM 141             
1 43077U 17083H   20154.74966305  .00000104  00000-0  30026-4 0  9992
2 43077  86.3972 163.7017 0002590  92.0416 268.1077 14.34218516128064
IRIDIUM 153             
1 43078U 17083J   20154.84138405  .00000065  00000-0  16127-4 0  9998
2 43078  86.3957 132.0952 0003244  81.2170 278.9393 14.34216050129184
IRIDIUM 131             
1 43079U 17083K   20154.73697932  .00000091  00000-0  25602-4 0  9999
2 43079  86.3979 163.7455 0002486  86.4502 273.6979 14.34215913127997
IRIDIUM 144             
1 43249U 18030A   20154.84772326  .00000078  00000-0  20623-4 0  9997
2 43249  86.3954 132.0860 0001973  80.3092 279.8326 14.34217729114060
IRIDIUM 149             
1 43250U 18030B   20154.85406818  .00000078  00000-0  20796-4 0  9991
2 43250  86.3953 132.0738 0001765  83.4021 276.7375 14.34218615114065
IRIDIUM 157             
1 43251U 18030C   20154.87310071  .00000073  00000-0  19045-4 0  9999
2 43251  86.3955 132.0700 0002649  92.6148 267.5351 14.34217923114042
IRIDIUM 140             
1 43252U 18030D   20154.89211542  .00000077  00000-0  20525-4 0  9994
2 43252  86.3956 132.0763 0001596  61.1111 299.0245 14.34217191114100
IRIDIUM 145             
1 43253U 18030E   20154.87943623  .00000078  00000-0  20802-4 0  9994
2 43253  86.3954 132.0623 0000985 112.2881 247.8419 14.34216967114033
IRIDIUM 146             
1 43254U 18030F   20154.86041577  .00000070  00000-0  17756-4 0  9997
2 43254  86.3954 132.0874 0001942  93.9344 266.2074 14.34217177114042
IRIDIUM 148             
1 43255U 18030G   20154.89846402  .00000077  00000-0  20322-4 0  9991
2 43255  86.3955 132.0829 0002312  95.1764 264.9695 14.34217832114082
IRIDIUM 142             
1 43256U 18030H   20154.86675124  .00000076  00000-0  19981-4 0  9998
2 43256  86.3953 132.0668 0002183  89.3909 270.7537 14.34217407114048
IRIDIUM 150             
1 43257U 18030J   20154.69550704  .00000080  00000-0  21501-4 0  9992
2 43257  86.3955 132.1835 0002130  83.8325 276.3113 14.34218119114044
IRIDIUM 143             
1 43258U 18030K   20154.88579372  .00000076  00000-0  19935-4 0  9999
2 43258  86.3959 132.1052 0001588  92.7534 267.3843 14.34218494114009
IRIDIUM 161             
1 43478U 18047C   20154.82430217  .00000071  00000-0  15164-4 0  9994
2 43478  86.4476 290.0865 0002462  85.6061 274.5421 14.43276125107045
IRIDIUM 152             
1 43479U 18047D   20154.85848776  .00000046  00000-0  93735-5 0  9994
2 43479  86.3950 289.9464 0002082 103.5230 256.6198 14.34215399106407
IRIDIUM 147             
1 43480U 18047E   20154.86484122  .00000052  00000-0  11653-4 0  9993
2 43480  86.3950 289.9109 0002474  95.5516 264.5962 14.34217722106394
IRIDIUM 110             
1 43481U 18047F   20154.87118493  .00000063  00000-0  15402-4 0  9998
2 43481  86.3953 289.9412 0002056  85.7129 274.4302 14.34216644106381
IRIDIUM 162             
1 43482U 18047G   20154.88735219  .00000067  00000-0  13908-4 0  9994
2 43482  86.4476 289.9816 0002150  82.7919 277.3526 14.43280848107041
IRIDIUM 160             
1 43569U 18061A   20154.81702833  .00000050  00000-0  10692-4 0  9994
2 43569  86.3985 258.3304 0002437 101.0410 259.1060 14.34217402 97272
IRIDIUM 166             
1 43570U 18061B   20154.84238017  .00000044  00000-0  85749-5 0  9996
2 43570  86.3984 258.3006 0001993  92.8900 267.2524 14.34215096 97305
IRIDIUM 158             
1 43571U 18061C   20154.81068245  .00000054  00000-0  12296-4 0  9995
2 43571  86.3984 258.3214 0002063 101.6143 258.5284 14.34217593 97269
IRIDIUM 165             
1 43572U 18061D   20154.83604645  .00000048  00000-0  99506-5 0  9991
2 43572  86.3985 258.3166 0002029 100.6786 259.4638 14.34219196 97298
IRIDIUM 155             
1 43573U 18061E   20154.79798818  .00000053  00000-0  11747-4 0  9999
2 43573  86.3982 258.3069 0002325  80.2610 279.8848 14.34217819 97251
IRIDIUM 154             
1 43574U 18061F   20154.77896984  .00000047  00000-0  95527-5 0  9993
2 43574  86.3984 258.3436 0002446 100.6810 259.4661 14.34216076 97302
IRIDIUM 163             
1 43575U 18061G   20154.82971428  .00000056  00000-0  12975-4 0  9992
2 43575  86.3982 258.3049 0001788 107.5692 252.5700 14.34217423 97285
IRIDIUM 156             
1 43576U 18061H   20154.80433665  .00000056  00000-0  13067-4 0  9990
2 43576  86.3983 258.3202 0001900  91.1717 268.9696 14.34217400 97279
IRIDIUM 164             
1 43577U 18061J   20154.78529861  .00000062  00000-0  14966-4 0  9998
2 43577  86.3984 258.3350 0002280 101.8075 258.3377 14.34215495 97319
IRIDIUM 159             
1 43578U 18061K   20154.82335667  .00000062  00000-0  15079-4 0  9999
2 43578  86.3982 258.3022 0002334  99.6387 260.5072 14.34216134 97288
IRIDIUM 180             
1 43922U 19002A   20154.61354006  .00000072  00000-0  18535-4 0  9994
2 43922  86.4003 195.2884 0002713 117.9829 242.1641 14.34214550 72862
IRIDIUM 176             
1 43923U 19002B   20154.67486727  .00000139  00000-0  18170-4 0  9996
2 43923  86.6138 195.2876 0002517  95.6111 264.5393 14.72257303 74750
IRIDIUM 168             
1 43924U 19002C   20154.60720786  .00000077  00000-0  20573-4 0  9997
2 43924  86.4004 195.3057 0002523  98.9876 261.1606 14.34218156 72843
IRIDIUM 173             
1 43925U 19002D   20154.66430205  .00000073  00000-0  19042-4 0  9993
2 43925  86.4001 195.2606 0002392  97.5172 262.6296 14.34217150 72842
IRIDIUM 169             
1 43926U 19002E   20154.77788167  .00000055  00000-0  11518-4 0  9999
2 43926  86.4266 226.7584 0006813  56.3387 303.8460 14.38607716 73155
IRIDIUM 172             
1 43927U 19002F   20154.72773258  .00000072  00000-0  18564-4 0  9997
2 43927  86.4001 195.2352 0002436 100.3342 259.8128 14.34216971 72856
IRIDIUM 175             
1 43928U 19002G   20154.66867499  .00000137  00000-0  17856-4 0  9997
2 43928  86.6122 195.1850 0002008  73.3413 286.8025 14.72257493 74740
IRIDIUM 171             
1 43929U 19002H   20154.63891891  .00000067  00000-0  16911-4 0  9991
2 43929  86.4011 195.3334 0002517  98.1387 262.0094 14.34216246 72834
IRIDIUM 170             
1 43930U 19002J   20154.68102101  .00000140  00000-0  18356-4 0  9994
2 43930  86.6139 195.2921 0002203  95.3407 264.8061 14.72247020 74768
IRIDIUM 167             
1 43931U 19002K   20154.63257568  .00000006  00000-0 -49528-5 0  9996
2 43931  86.4006 195.2773 0002612 111.4297 248.7177 14.34215034 72839
