NOAA 1                  
1 04793U 70106A   24226.93047115 -.00000020  00000+0  14505-3 0  9993
2 04793 101.4420 277.0882 0031290 223.2523 197.2896 12.54030965456423
NOAA 2 (ITOS-D)         
1 06235U 72082A   24226.95865545  .00000000  00000+0  29066-3 0  9993
2 06235 102.0180 226.6002 0004225  17.0418  37.9056 12.53184033370743
NOAA 3                  
1 06920U 73086A   24226.94054029 -.00000011  00000+0  26243-3 0  9992
2 06920 102.2793 223.4366 0006138 281.4279  93.1170 12.40369855298553
NOAA 4                  
1 07529U 74089A   24227.24512213 -.00000008  00000+0  23858-3 0  9995
2 07529 101.9909 222.0466 0009339  39.5796 332.1489 12.53182634275592
NOAA 5                  
1 09057U 76077A   24226.89571554 -.00000020  00000+0  19999-3 0  9990
2 09057 102.2120 200.2304 0009850 127.3243 260.2772 12.37803677171296
TIROS N                 
1 11060U 78096A   24226.96382528  .00000830  00000+0  41860-3 0  9999
2 11060  98.5288 265.1907 0011058  34.7883 325.4015 14.18879949583408
NOAA 6                  
1 11416U 79057A   24226.93313804  .00001490  00000+0  54229-3 0  9996
2 11416  98.6278 248.0851 0011300  90.3070 269.9409 14.34626238354535
NOAA 7                  
1 12553U 81059A   24226.93001495  .00000359  00000+0  19888-3 0  9999
2 12553  98.8894 286.2966 0011992  34.6029 325.5924 14.17557346229498
NOAA 8                  
1 13923U 83022A   24226.96797455  .00000864  00000+0  35646-3 0  9995
2 13923  98.7325 227.0415 0016015  66.2597 294.0262 14.29306771155021
NOAA 9                  
1 15427U 84123A   24226.94766227  .00000717  00000+0  38189-3 0  9992
2 15427  99.1207 225.8077 0015807  92.9153 326.5904 14.16646333 48222
NOAA 10                 
1 16969U 86073A   24227.25643387  .00000831  00000+0  34776-3 0  9991
2 16969  98.6450 212.6560 0012491 156.9829 213.7870 14.28678438973709
NOAA 11                 
1 19531U 88089A   24227.17739394  .00000435  00000+0  24343-3 0  9992
2 19531  98.5226 187.1990 0012257  70.0914 290.1580 14.15567766852644
NOAA 12                 
1 21263U 91032A   24227.21977797  .00000619  00000+0  27544-3 0  9995
2 21263  98.5617 217.0370 0013491 187.2079 172.8910 14.26359091729415
NOAA 13                 
1 22739U 93050A   24226.91731199  .00000654  00000+0  37117-3 0  9992
2 22739  98.6099 182.2404 0008351 246.4604 113.5692 14.13262311598407
NOAA 14                 
1 23455U 94089A   24227.23965051  .00000386  00000+0  22282-3 0  9992
2 23455  98.4358 220.0357 0008798 209.3105 150.7577 14.14423966528444
NOAA 15                 
1 25338U 98030A   24227.23848131  .00000868  00000+0  37686-3 0  9992
2 25338  98.5668 253.1484 0010960 149.6346 210.5472 14.26662332365719
NOAA 16                 
1 26536U 00055A   24227.12371001  .00000469  00000+0  27038-3 0  9995
2 26536  98.5281 264.0632 0011576  72.4311 287.8127 14.13618494232269
NOAA 17                 
1 27453U 02032A   24226.97115500  .00000858  00000+0  38072-3 0  9995
2 27453  98.7660 177.5419 0012437 136.6335 223.5826 14.25646021151182
NOAA 18                 
1 28654U 05018A   24227.19167181  .00000769  00000+0  43380-3 0  9992
2 28654  98.8720 303.6711 0013191 257.4896 102.4800 14.13283660991455
NOAA 19                 
1 33591U 09005A   24227.22220902  .00000731  00000+0  41547-3 0  9995
2 33591  99.0431 283.6247 0014729 126.7094 233.5432 14.13077364799826
SUOMI NPP               
1 37849U 11061A   24227.26323254  .00000489  00000+0  25280-3 0  9994
2 37849  98.7227 164.3735 0002035  90.0844 270.0565 14.19548234663104
NOAA 20 (JPSS-1)        
1 43013U 17073A   24227.28010101  .00000471  00000+0  24374-3 0  9993
2 43013  98.7069 164.2306 0002336  71.6089 288.5341 14.19560730349147
NOAA 21 (JPSS-2)        
1 54234U 22150A   24227.17503023  .00000563  00000+0  28806-3 0  9996
2 54234  98.7523 164.3923 0001227  47.9963 312.1318 14.19548646 91201
