ONEWEB-0012             
1 44057U 19010A   20138.25001157 -.00034982  00000-0 -85055-1 0  9998
2 44057  87.9190 340.6190 0001757  87.1716 357.8056 13.21831168  1727
ONEWEB-0010             
1 44058U 19010B   20138.25001157 -.00034691  00000-0 -84346-1 0  9998
2 44058  87.9198 340.6190 0001835  86.8104 350.5036 13.21830772  1739
ONEWEB-0008             
1 44059U 19010C   20138.25001157 -.00035277  00000-0 -85780-1 0  9993
2 44059  87.9197 340.6166 0001847  89.3916   3.2802 13.21826924  1720
ONEWEB-0007             
1 44060U 19010D   20138.25001157 -.00034421  00000-0 -83692-1 0  9995
2 44060  87.9190 340.6208 0002109  84.8819 345.0889 13.21826703  1734
ONEWEB-0006             
1 44061U 19010E   20138.16668981 -.00040236  00000-0 -97871-1 0  9995
2 44061  87.9190 340.6357 0001828  88.7255 297.6865 13.21838311  1716
ONEWEB-0011             
1 44062U 19010F   20138.25001157 -.00033897  00000-0 -82409-1 0  9998
2 44062  87.9199 340.6177 0001859  88.5314 326.7023 13.21830039  1724
ONEWEB-0013             
1 45131U 20008A   20138.08334491 -.00044945  00000-0 -24341-1 0  9993
2 45131  87.7854 132.8680 0015883 291.9869 151.3743 14.12828644  1737
ONEWEB-0017             
1 45132U 20008B   20138.25001157  .00004126  00000-0  73809-3 0  9993
2 45132  87.4665 131.5099 0019973 310.3901 255.2946 14.66554425  1812
ONEWEB-0020             
1 45133U 20008C   20138.25001157  .00003057  00000-0  32295-3 0  9990
2 45133  87.5715 131.7302 0020185 292.8687 348.8476 14.88789202 15911
ONEWEB-0021             
1 45134U 20008D   20138.25001157  .00003838  00000-0  32610-3 0  9999
2 45134  87.6031 131.6218 0016061 282.8230 357.1186 14.97523489  1751
ONEWEB-0022             
1 45135U 20008E   20138.25001157  .00003978  00000-0  46263-3 0  9994
2 45135  87.5013 131.6648 0016602 309.7089 189.5844 14.85005559 15865
ONEWEB-0023             
1 45136U 20008F   20138.25001157  .00003435  00000-0  55440-3 0  9990
2 45136  87.4395 131.6851 0018225 302.0941 106.2604 14.71073642 15773
ONEWEB-0024             
1 45137U 20008G   20138.25001157  .00002587  00000-0  31510-3 0  9990
2 45137  87.4647 131.8390 0016351 307.4020 354.2808 14.82970138 15857
ONEWEB-0025             
1 45138U 20008H   20138.08334491 -.00056345  00000-0 -47583-2 0  9991
2 45138  87.5809 131.4854 0019075 304.4624 314.2498 14.98359457  1806
ONEWEB-0026             
1 45139U 20008J   20138.25001157  .00003366  00000-0  31256-3 0  9995
2 45139  87.5707 131.7089 0018740 289.9852 350.3537 14.93983413 16086
ONEWEB-0028             
1 45140U 20008K   20138.16668981 -.00047527  00000-0 -46120-2 0  9995
2 45140  87.5574 131.5769 0018838 287.9957   5.6735 14.92878199  1756
ONEWEB-0032             
1 45141U 20008L   20138.25001157  .00003066  00000-0  36365-3 0  9991
2 45141  87.4748 131.7959 0018471 307.4242 135.6318 14.84094061  1772
ONEWEB-0033             
1 45142U 20008M   20138.25001157  .00003664  00000-0  46002-3 0  9995
2 45142  87.5369 131.4325 0017599 309.1758 285.3018 14.81808617 15961
ONEWEB-0035             
1 45143U 20008N   20138.25001157  .00003285  00000-0  60211-3 0  9993
2 45143  87.4236 131.6614 0019300 308.8065 128.0300 14.65422117 15861
ONEWEB-0036             
1 45144U 20008P   20138.25001157  .00003650  00000-0  39740-3 0  9993
2 45144  87.4918 131.7763 0018099 303.4758 113.7769 14.87649347 15993
ONEWEB-0038             
1 45145U 20008Q   20138.08334491 -.00051930  00000-0 -89597-2 0  9995
2 45145  87.4413 131.7040 0019105 304.8917 135.7168 14.68800056  1765
ONEWEB-0039             
1 45146U 20008R   20138.25001157  .00003200  00000-0  43088-3 0  9996
2 45146  87.4472 131.9567 0015982 303.9241 176.8624 14.78844802 15852
ONEWEB-0040             
1 45147U 20008S   20138.08334491 -.00050920  00000-0 -10286-1 0  9993
2 45147  87.4363 131.4896 0017783 318.8470 115.5535 14.61752689  1761
ONEWEB-0041             
1 45148U 20008T   20138.25001157  .00003762  00000-0  39643-3 0  9993
2 45148  87.5139 131.6925 0014993 302.8356 275.2686 14.89018860  1773
ONEWEB-0043             
1 45149U 20008U   20138.25001157  .00003317  00000-0  44309-3 0  9995
2 45149  87.4968 131.6607 0016030 308.4430 283.9489 14.79193269  1750
ONEWEB-0044             
1 45150U 20008V   20138.25001157  .00004872  00000-0  44609-3 0  9997
2 45150  87.5889 131.4810 0014703 300.7921  69.4275 14.94685881 15954
ONEWEB-0045             
1 45151U 20008W   20138.25001157  .00003503  00000-0  57001-3 0  9998
2 45151  87.4695 131.5775 0015275 309.9267 125.5543 14.70744979  1864
ONEWEB-0047             
1 45152U 20008X   20138.08334491 -.00055136  00000-0 -79945-2 0  9991
2 45152  87.4281 131.8794 0015919 303.1032 216.8775 14.76412508  1756
ONEWEB-0048             
1 45153U 20008Y   20138.25001157  .00002166  00000-0  46452-3 0  9992
2 45153  87.4327 131.5262 0017176 317.2474   1.0717 14.58200182 15688
ONEWEB-0049             
1 45154U 20008Z   20138.16668981 -.00046313  00000-0 -81367-2 0  9994
2 45154  87.4433 131.6695 0019891 306.1670 233.9728 14.67954691 15767
ONEWEB-0051             
1 45155U 20008AA  20138.25001157  .00004313  00000-0  41627-3 0  9999
2 45155  87.5671 131.5817 0019285 294.0264 275.1999 14.92514454 15944
ONEWEB-0052             
1 45156U 20008AB  20138.25001157  .00004201  00000-0  80008-3 0  9992
2 45156  87.4333 131.6181 0019643 316.7516 199.7533 14.63760223  1860
ONEWEB-0053             
1 45157U 20008AC  20138.25001157  .00003184  00000-0  59770-3 0  9994
2 45157  87.4351 131.6218 0019490 317.7741  68.9068 14.64351544 15726
ONEWEB-0054             
1 45158U 20008AD  20138.25001157  .00003738  00000-0  61453-3 0  9991
2 45158  87.4682 131.5874 0019457 303.7221 136.0702 14.70272012 15767
ONEWEB-0056             
1 45159U 20008AE  20138.25001157  .00002733  00000-0  40460-3 0  9991
2 45159  87.4906 131.5684 0015696 301.1652 338.7668 14.74769492 15801
ONEWEB-0057             
1 45160U 20008AF  20138.25001157  .00003757  00000-0  58583-3 0  9995
2 45160  87.4585 131.7206 0016833 299.3764 129.4692 14.72609723 15781
ONEWEB-0058             
1 45161U 20008AG  20138.08334491 -.00054619  00000-0 -55776-2 0  9992
2 45161  87.5510 131.6396 0018101 307.9069  94.8342 14.90892580  1770
ONEWEB-0059             
1 45162U 20008AH  20138.25001157  .00004155  00000-0  47782-3 0  9999
2 45162  87.5080 131.6438 0019236 301.8007 152.5189 14.85444760 15868
ONEWEB-0062             
1 45163U 20008AJ  20138.25001157  .00004086  00000-0  60474-3 0  9996
2 45163  87.4486 131.7187 0015003 297.6423 240.4268 14.74902526 15785
ONEWEB-0065             
1 45164U 20008AK  20138.25001157  .00003432  00000-0  66435-3 0  9994
2 45164  87.4130 131.6705 0020677 311.8585 271.9495 14.62974167 15719
ONEWEB-0066             
1 45424U 20020A   20138.25001157  .00029149  00000-0  24589-2 0  9993
2 45424  87.6310 119.3566 0027630  80.9569 340.3481 14.97724683  8644
ONEWEB-0067             
1 45425U 20020B   20138.25001157  .00030134  00000-0  25048-2 0  9991
2 45425  87.6308 119.3871 0028358  80.5496 299.0092 14.98274258  8641
ONEWEB-0080             
1 45426U 20020C   20138.25001157  .00029055  00000-0  25998-2 0  9996
2 45426  87.6276 119.4097 0030146  82.4972  76.7093 14.95374064  1798
ONEWEB-0090             
1 45427U 20020D   20138.25001157  .00031147  00000-0  27273-2 0  9990
2 45427  87.6366 119.4338 0030431  84.8695   4.0633 14.96203235  1787
ONEWEB-0061             
1 45428U 20020E   20138.25001157  .00023897  00000-0  24507-2 0  9991
2 45428  87.6389 119.8357 0030978  87.9498 169.0411 14.89970533  1857
ONEWEB-0081             
1 45429U 20020F   20138.25001157  .00026855  00000-0  26165-2 0  9991
2 45429  87.6199 119.4535 0030532  87.3781 118.3692 14.92016390  1827
ONEWEB-0069             
1 45430U 20020G   20138.25001157  .00028750  00000-0  27870-2 0  9993
2 45430  87.6139 119.4568 0030607  90.2650  76.6023 14.92206760  8610
ONEWEB-0031             
1 45431U 20020H   20138.25001157  .00030484  00000-0  29733-2 0  9991
2 45431  87.6194 119.4849 0029002  90.2605  13.2485 14.91991905  8611
ONEWEB-0027             
1 45432U 20020J   20138.25001157  .00024228  00000-0  24990-2 0  9991
2 45432  87.5968 119.4836 0029343  92.2559 190.4756 14.89773864  1750
ONEWEB-0064             
1 45433U 20020K   20138.25001157  .00024966  00000-0  25507-2 0  9996
2 45433  87.6053 119.4885 0028517  92.2127 232.4472 14.90171892  1740
ONEWEB-0018             
1 45434U 20020L   20138.25001157  .00030165  00000-0  30688-2 0  9991
2 45434  87.6114 119.5523 0027445  93.6507  18.3148 14.90344279  8610
ONEWEB-0083             
1 45435U 20020M   20138.16668981 -.00029248  00000-0 -29755-2 0  9991
2 45435  87.6151 119.5887 0027074  93.4355   6.5335 14.90761868  8605
ONEWEB-0095             
1 45436U 20020N   20138.16668981 -.00031764  00000-0 -32697-2 0  9997
2 45436  87.5678 119.5382 0025818  91.2131 106.3183 14.90326408  8596
ONEWEB-0092             
1 45437U 20020P   20138.25001157  .00024581  00000-0  25185-2 0  9995
2 45437  87.5719 119.5276 0025433  89.7556 212.3269 14.90122407  8597
ONEWEB-0085             
1 45438U 20020Q   20138.25001157  .00024257  00000-0  24925-2 0  9997
2 45438  87.5636 119.5108 0026252  88.6048 201.9705 14.89992346  8598
ONEWEB-0096             
1 45439U 20020R   20138.25001157  .00030082  00000-0  30737-2 0  9999
2 45439  87.5525 119.5482 0026816  88.7082 358.9320 14.90182605  1754
ONEWEB-0037             
1 45440U 20020S   20138.25001157  .00024010  00000-0  24493-2 0  9997
2 45440  87.5446 119.5626 0027119  88.1942 189.3695 14.90266627  8580
ONEWEB-0042             
1 45441U 20020T   20138.25001157  .00029816  00000-0  30724-2 0  9991
2 45441  87.5442 119.6067 0026974  86.6867  37.1052 14.89841613  8583
ONEWEB-0098             
1 45442U 20020U   20138.16668981 -.00030953  00000-0 -31428-2 0  9994
2 45442  87.5337 119.5882 0028627  86.0552  43.2569 14.90814010  8554
ONEWEB-0055             
1 45443U 20020V   20138.25001157  .00027165  00000-0  27899-2 0  9997
2 45443  87.5319 119.5918 0029059  86.6058 275.6400 14.89942614  8568
ONEWEB-0093             
1 45444U 20020W   20138.25001157  .00027833  00000-0  28473-2 0  9999
2 45444  87.5224 119.4327 0029816  86.6401 146.8055 14.90080801  8579
ONEWEB-0029             
1 45445U 20020X   20138.25001157  .00029791  00000-0  30387-2 0  9992
2 45445  87.5010 119.5923 0030378  88.1912 346.5519 14.90176905  8558
ONEWEB-0068             
1 45446U 20020Y   20138.25001157  .00028223  00000-0  28707-2 0  9995
2 45446  87.5000 119.6076 0030514  90.3100 291.8382 14.90292747  8557
ONEWEB-0046             
1 45447U 20020Z   20138.25001157  .00024146  00000-0  24699-2 0  9992
2 45447  87.5098 119.6362 0030362  90.2194 203.4698 14.90085312  8542
ONEWEB-0063             
1 45448U 20020AA  20138.25001157  .00029766  00000-0  30537-2 0  9994
2 45448  87.5027 119.5944 0030486  92.5171  25.5668 14.89942904  8555
ONEWEB-0019             
1 45449U 20020AB  20138.25001157  .00024354  00000-0  24909-2 0  9999
2 45449  87.5024 119.9728 0030752  94.6430 133.6255 14.90080472  8507
ONEWEB-0094             
1 45450U 20020AC  20138.25001157  .00029864  00000-0  30389-2 0  9991
2 45450  87.4878 119.6250 0030223  95.0558  16.1733 14.90274697  8545
ONEWEB-0087             
1 45451U 20020AD  20138.25001157  .00026016  00000-0  26929-2 0  9993
2 45451  87.4729 119.8308 0029504  97.6423 252.8737 14.89622143  8517
ONEWEB-0082             
1 45452U 20020AE  20138.08334491 -.00059630  00000-0 -61504-2 0  9993
2 45452  87.4586 119.6329 0029875  97.8949  51.1395 14.90297981  8516
ONEWEB-0050             
1 45453U 20020AF  20138.25001157  .00027853  00000-0  25338-2 0  9998
2 45453  87.6082 119.7893 0028843  96.0228 267.4700 14.94759924  8563
ONEWEB-0034             
1 45454U 20020AG  20138.08334491 -.00058529  00000-0 -60718-2 0  9997
2 45454  87.4616 119.6482 0028201  96.5055   0.0189 14.90098981  1772
ONEWEB-0060             
1 45455U 20020AH  20138.08334491 -.00063898  00000-0 -65240-2 0  9998
2 45455  87.4725 120.0435 0027180  98.0038 120.5052 14.90787144  8467
ONEWEB-0086             
1 45456U 20020AJ  20138.25001157  .00025255  00000-0  26046-2 0  9992
2 45456  87.4675 119.9149 0026996  95.6817 110.2056 14.89824649  8496
ONEWEB-0088             
1 45457U 20020AK  20138.25001157  .00027909  00000-0  28757-2 0  9992
2 45457  87.4496 119.9270 0026291  96.3764  59.8436 14.89865530  8483
