CALSPHERE 1             
1 00900U 64063C   20138.20039274  .00000188  00000-0  19176-3 0  9993
2 00900  90.1566  27.8904 0027723 145.4836 313.7559 13.73370847766162
CALSPHERE 2             
1 00902U 64063E   20138.17194007  .00000030  00000-0  31862-4 0  9990
2 00902  90.1678  30.5192 0017701 191.5164 341.1024 13.52683028555858
LCS 1                   
1 01361U 65034C   20138.14038606  .00000004  00000-0 -62077-3 0  9991
2 01361  32.1447  52.8846 0004674   9.5328 350.5257  9.89297008989820
TEMPSAT 1               
1 01512U 65065E   20138.19542494 -.00000000  00000-0 -19427-4 0  9992
2 01512  89.8773 226.4876 0069899   9.6988  18.2018 13.33427118663917
CALSPHERE 4(A)          
1 01520U 65065H   20138.12460329  .00000056  00000-0  92288-4 0  9995
2 01520  90.0313 129.0202 0068051 249.8471 229.8955 13.35812807666014
OPS 5712 (P/L 160)      
1 02826U 67053A   20138.07956758  .00000355  00000-0  10947-3 0  9997
2 02826  69.9279 272.3834 0006361 326.4378  33.6351 14.49065935742392
OPS 5712 (P/L 153)      
1 02874U 67053H   20138.18497549 -.00000039  00000-0  10574-4 0  9997
2 02874  69.9733 195.6310 0008818 216.8947 143.1553 13.96348232697046
SURCAL 150B             
1 02909U 67053J   20138.21300429  .00000490  00000-0  11182-3 0  9995
2 02909  69.9474 296.9877 0003087  19.0088 341.1166 14.61729143752311
RIGIDSPHERE 2 (LCS 4)   
1 05398U 71067E   20138.19201239  .00000105  00000-0  30386-4 0  9997
2 05398  87.6279 232.7851 0063754  18.1667 342.1786 14.33882165555162
