SCD 1                   
1 22490U 93009B   20125.49313736  .00000230  00000-0  13059-4 0  9991
2 22490  24.9707 303.0377 0042812 284.2816 104.3139 14.44575934437640
TECHSAT 1B (GO-32)      
1 25397U 98043D   20125.44999928 -.00000025  00000-0  84603-5 0  9998
2 25397  98.7255  67.2893 0001541 141.9811 218.1476 14.23684050133510
SCD 2                   
1 25504U 98060A   20125.47681292  .00000228  00000-0  13341-4 0  9996
2 25504  24.9942 152.9131 0017013 303.6548 205.0616 14.44092693137206
LANDSAT 7               
1 25682U 99020A   20125.87857983  .00000012  00000-0  12333-4 0  9997
2 25682  98.0845 189.8312 0001400  68.7549 291.3794 14.57176041119894
DLR-TUBSAT              
1 25757U 99029B   20125.79656071 -.00000040  00000-0  14440-5 0  9999
2 25757  98.4260  53.2250 0013600 326.3452  33.6878 14.51419242109153
TERRA                   
1 25994U 99068A   20125.83999709 -.00000828  00000-0 -17368-3 0  9993
2 25994  98.2138 200.7274 0001326  99.3862 260.7518 14.57107542 83964
MAROC-TUBSAT            
1 27004U 01056D   20125.41442855 -.00000038  00000-0  74279-5 0  9994
2 27004  99.5094 259.4558 0020551 128.4353 263.5839 13.70140157920149
AQUA                    
1 27424U 02022A   20125.61374146  .00000072  00000-0  25999-4 0  9994
2 27424  98.2066  66.8816 0002669 102.1707  49.1902 14.57119853957480
IRS-P6 (RESOURCESAT-1)  
1 28051U 03046A   20125.68173642 -.00000453  00000-0 -14348-3 0  9993
2 28051  98.4839 203.1082 0058756 155.7836 204.6136 14.34164347860116
SHIYAN 1 (SY-1)         
1 28220U 04012A   20125.53082463  .00001127  00000-0  95384-4 0  9996
2 28220  97.8458  94.2572 0012279  23.2327 336.9448 15.00027946874017
FORMOSAT-2 (ROCSAT 2)   
1 28254U 04018A   20125.53288942 -.00000093  00000-0 -34423-4 0  9999
2 28254  98.7098 161.1273 0002184  61.0577  59.5962 14.00635298815891
AURA                    
1 28376U 04026A   20125.59041228  .00000071  00000-0  25872-4 0  9995
2 28376  98.2059  69.0149 0001595  82.7415 277.3965 14.57110986840538
IRS-P5 (CARTOSAT-1)     
1 28649U 05017A   20125.46729710  .00000026  00000-0  95086-5 0  9999
2 28649  97.8150 195.2908 0001120 154.9109 205.2160 14.83693598811965
SINAH 1                 
1 28893U 05043D   20125.38488224 -.00000009  00000-0  74306-5 0  9996
2 28893  98.0159 257.0992 0016606  82.6777 277.6311 14.61529983773882
EROS B                  
1 29079U 06014A   20125.85702759  .00001537  00000-0  64909-4 0  9999
2 29079  97.4483 247.1518 0004731  84.6752  30.3121 15.24782583778624
RESURS-DK 1             
1 29228U 06021A   20125.54343617  .00000049  00000-0  11057-4 0  9996
2 29228  69.9348 299.7818 0005110 205.1732 154.9181 15.02533983766158
ARIRANG-2 (KOMPSAT-2)   
1 29268U 06031A   20125.87088627  .00000042  00000-0  17475-4 0  9997
2 29268  97.9948  13.5201 0016007 292.1976  67.7528 14.62273647734840
LAPAN-TUBSAT            
1 29709U 07001A   20125.82568187  .00000041  00000-0  11716-4 0  9995
2 29709  97.8565  86.2334 0011470 254.4002 105.5947 14.82217727719903
CARTOSAT-2 (IRS-P7)     
1 29710U 07001B   20125.80892716  .00000503  00000-0  63927-4 0  9997
2 29710  97.9194 186.4194 0028512 213.5456 146.3939 14.85758907718787
HAIYANG-1B              
1 31113U 07010A   20125.82687883 -.00000003  00000-0  15217-4 0  9991
2 31113  98.4079 169.7981 0013365 346.7520  13.3311 14.30241811681927
COSMO-SKYMED 1          
1 31598U 07023A   20125.79858363 -.00000088  00000-0 -45105-5 0  9995
2 31598  97.8908 309.6065 0001519  87.1865 272.9541 14.82152459698362
TERRASAR-X              
1 31698U 07026A   20125.56553948 -.00001128  00000-0 -50516-4 0  9992
2 31698  97.4466 133.2030 0001508 105.3389   9.0599 15.19147236714632
WORLDVIEW-1 (WV-1)      
1 32060U 07041A   20125.58756768  .00000583  00000-0  26592-4 0  9999
2 32060  97.3809 245.8355 0002614  89.8472 270.3065 15.24465949702496
YAOGAN 3                
1 32289U 07055A   20125.85959512 -.00000173  00000-0 -15459-4 0  9996
2 32289  97.9945 140.8084 0001833 104.8483 255.2938 14.81010280674531
COSMO-SKYMED 2          
1 32376U 07059A   20125.83232738  .00000144  00000-0  24629-4 0  9994
2 32376  97.8906 309.6417 0001465  85.5171 274.6205 14.82157254671116
RADARSAT-2              
1 32382U 07061A   20125.89188840  .00000030  00000-0  28386-4 0  9992
2 32382  98.5768 133.1048 0001222  91.7751  24.5172 14.29984832646748
CARTOSAT-2A             
1 32783U 08021A   20125.48753314  .00000254  00000-0  41707-4 0  9993
2 32783  97.9260 186.0972 0013762 145.9227 214.2872 14.78674870648646
RAPIDEYE 2              
1 33312U 08040A   20125.41591871  .00000713  00000-0  68444-4 0  9991
2 33312  97.6950 191.1184 0011756 162.3753 197.7850 14.96088802631285
RAPIDEYE 5              
1 33313U 08040B   20125.46506878  .00000299  00000-0  32960-4 0  9993
2 33313  97.6927 190.0965 0015977  46.2833 314.0167 14.94374023631234
RAPIDEYE 1              
1 33314U 08040C   20125.45510721 -.00000525  00000-0 -42612-4 0  9994
2 33314  97.7111 191.2836 0026883 162.5591 197.6458 14.94808667631270
RAPIDEYE 3              
1 33315U 08040D   20125.44956164 -.00000014  00000-0  37662-5 0  9991
2 33315  97.6945 190.1374 0004456 110.8097 249.3612 14.97311839631246
RAPIDEYE 4              
1 33316U 08040E   20125.19150309  .00000612  00000-0  60462-4 0  9997
2 33316  97.6998 189.8595 0008524  68.2487 291.9574 14.95460316631191
HUANJING 1A (HJ-1A)     
1 33320U 08041A   20125.84440376  .00000085  00000-0  19095-4 0  9991
2 33320  97.7910 179.3098 0026029 210.6467 149.3219 14.77062399628168
HUANJING 1B (HJ-1B)     
1 33321U 08041B   20125.84472902  .00000088  00000-0  19448-4 0  9997
2 33321  97.7991 181.5554 0033413 239.1239 120.6672 14.77223109628161
GEOEYE 1                
1 33331U 08042A   20125.79932799 -.00000021  00000-0  50849-5 0  9997
2 33331  98.1041 200.6635 0008954 183.3179 176.7963 14.64307776623148
THEOS                   
1 33396U 08049A   20125.93605466  .00000169  00000-0  10000-3 0  9994
2 33396  98.7385 193.5442 0001043  76.4925  96.6760 14.20017150600882
COSMO-SKYMED 3          
1 33412U 08054A   20125.81546705  .00000372  00000-0  53275-4 0  9994
2 33412  97.8908 309.6248 0001362  83.2147 276.9238 14.82155836623578
YAOGAN 4                
1 33446U 08061A   20125.78389650  .00000048  00000-0  13682-4 0  9997
2 33446  97.7229  83.2047 0017423 119.2871 241.0084 14.77024352615385
GOSAT (IBUKI)           
1 33492U 09002A   20125.41252408  .00000075  00000-0  21728-4 0  9994
2 33492  98.0559 237.0891 0001239 106.1526 253.9815 14.67555626604151
YAOGAN 6                
1 34839U 09021A   20125.75032028  .00000465  00000-0  20009-4 0  9996
2 34839  97.0394 136.6189 0028031 173.2161 186.9464 15.26887432613149
DEIMOS-1                
1 35681U 09041A   20125.84695565  .00000045  00000-0  14710-4 0  9991
2 35681  97.8185   1.0876 0001730 139.9973 220.1364 14.71831700577972
DUBAISAT-1              
1 35682U 09041B   20125.74380796  .00000114  00000-0  27334-4 0  9991
2 35682  97.7307 306.7706 0012362  30.8221 329.3691 14.68788282576700
OCEANSAT-2              
1 35931U 09051A   20125.86001175  .00000062  00000-0  26972-4 0  9992
2 35931  98.2949 221.5989 0002237 143.1752 216.9596 14.50852411562098
WORLDVIEW-2 (WV-2)      
1 35946U 09055A   20125.84310915 -.00000036  00000-0  23997-5 0  9992
2 35946  98.3993 199.9723 0002634 112.6781 247.4676 14.37667695554757
SMOS                    
1 36036U 09059A   20125.53815427  .00000043  00000-0  27612-4 0  9995
2 36036  98.4450 313.1946 0001402  96.6825 263.4522 14.39754580551900
YAOGAN 7                
1 36110U 09069A   20125.80358665  .00000064  00000-0  17563-4 0  9992
2 36110  98.2687 320.6309 0023379 353.8310   6.2614 14.75115260560061
TANDEM-X                
1 36605U 10030A   20125.29127494 -.00000423  00000-0 -16947-4 0  9994
2 36605  97.4465 132.9341 0002364 100.8258 314.6010 15.19149631547336
CARTOSAT-2B             
1 36795U 10035A   20125.79447844 -.00001636  00000-0 -21603-3 0  9999
2 36795  97.9235 185.9354 0013061 220.5045 139.5233 14.78662698529730
YAOGAN 10               
1 36834U 10038A   20125.84017988  .00000053  00000-0  13655-4 0  9993
2 36834  97.9773 129.2901 0001569  86.6729 273.4669 14.80968767526276
COSMO-SKYMED 4          
1 37216U 10060A   20125.77749052 -.00000016  00000-0  44997-5 0  9993
2 37216  97.8905 309.5856 0001608  80.5271 279.6129 14.82155501513651
RESOURCESAT-2           
1 37387U 11015A   20125.78887866 -.00000044  00000-0  48999-8 0  9990
2 37387  98.6796 201.3374 0004855 136.0528 224.1030 14.21643431469237
HAIYANG 2A              
1 37781U 11043A   20125.77663516 -.00000015  00000-0  28425-4 0  9998
2 37781  99.3178 134.1735 0001712  95.4459 264.6887 13.78720521439021
RASAT                   
1 37791U 11044D   20125.85857692  .00000047  00000-0  17897-4 0  9994
2 37791  98.1078 219.3364 0023023  49.4197 310.9005 14.64765579465865
MEGHA-TROPIQUES         
1 37838U 11058A   20125.75739919  .00000364  00000-0  56639-4 0  9990
2 37838  19.9778 275.5526 0009435  83.1467 277.0011 14.09701932441805
SRMSAT                  
1 37841U 11058D   20125.71027035  .00000311  00000-0  25819-4 0  9997
2 37841  19.9717 251.4663 0011868 122.7118 268.1203 14.10657496442074
YAOGAN 13               
1 37941U 11072A   20125.88890804  .00000406  00000-0  23105-4 0  9995
2 37941  97.5528  61.5455 0001561 149.5380 281.2343 15.18316889467360
PLEIADES 1A             
1 38012U 11076F   20125.75987792 -.00000007  00000-0  83079-5 0  9993
2 38012  98.2003 200.7980 0001036  92.6390 267.4927 14.58556481446292
ZIYUAN 1-02C (ZY 1-02C) 
1 38038U 11079A   20125.84081365  .00000030  00000-0  26406-4 0  9990
2 38038  98.6939 178.3095 0007971  43.4892 316.6909 14.35278551438511
ZIYUAN 3 (ZY 3)         
1 38046U 12001A   20125.87005315  .00000554  00000-0  27802-4 0  9991
2 38046  97.4187 200.7206 0003346   6.2118 105.2562 15.21346202461996
ARIRANG-3 (KOMPSAT-3)   
1 38338U 12025B   20125.81996811  .00000055  00000-0  20322-4 0  9991
2 38338  98.1474  64.7326 0008499 282.3732  77.6520 14.61856541424957
KANOPUS-V 1             
1 38707U 12039A   20125.88742834  .00000257  00000-0  15448-4 0  9994
2 38707  97.4595  45.3365 0001588  76.6090 348.6202 15.19158649431891
EXACTVIEW-1 (ADS-1B)    
1 38709U 12039C   20125.90711107 -.00000022  00000-0  11214-4 0  9996
2 38709  99.1119 157.5415 0011614 114.9511 245.2882 14.24016599404653
SPOT 6                  
1 38755U 12047A   20125.77621528 -.00000009  00000-0  78340-5 0  9997
2 38755  98.1682 193.3212 0001343  97.0554 263.0801 14.58572337407372
PLEIADES 1B             
1 39019U 12068A   20125.79436366 -.00000003  00000-0  91306-5 0  9991
2 39019  98.1992 200.8950 0001282  87.5766 272.5578 14.58555969395154
GOKTURK 2               
1 39030U 12073A   20125.82755197  .00000006  00000-0  86465-5 0  9992
2 39030  97.9555  14.4372 0000880   2.1470 357.9743 14.72747958395489
LANDSAT 8               
1 39084U 13008A   20125.44979010  .00000055  00000-0  22289-4 0  9997
2 39084  98.1837 195.7092 0001392  77.4948 282.6411 14.57123026384290
SARAL                   
1 39086U 13009A   20125.50784949  .00000005  00000-0  17933-4 0  9997
2 39086  98.5439 311.7478 0001787  62.5899 297.5467 14.32025176375713
GAOFEN 1                
1 39150U 13018A   20125.81645883  .00000070  00000-0  17296-4 0  9990
2 39150  97.8687 203.7370 0017658 259.0668 100.8552 14.76552365378575
VNREDSAT 1              
1 39160U 13021B   20125.81381169  .00000059  00000-0  20660-4 0  9995
2 39160  98.1480 202.9067 0001569  80.9505 279.1871 14.62927510373505
ARIRANG-5 (KOMPSAT-5)   
1 39227U 13042A   20125.78285880 -.00000396  00000-0 -23959-4 0  9991
2 39227  97.6231 310.5195 0001976  81.5583 111.9737 15.04507941367955
YAOGAN 18               
1 39363U 13059A   20125.90064924  .00001017  00000-0  36920-4 0  9999
2 39363  97.2529 176.3693 0006115 204.5511 328.2995 15.30557424361055
SKYSAT-1                
1 39418U 13066C   20125.48658237  .00000151  00000-0  17257-4 0  9997
2 39418  97.6226 205.9562 0020677 349.7665  10.3134 14.98944643352699
DUBAISAT-2              
1 39419U 13066D   20125.85536272  .00000655  00000-0  66291-4 0  9994
2 39419  97.5458 181.6372 0013644 359.8610   0.2600 14.94116269351666
GPM-CORE                
1 39574U 14009C   20125.56202522  .00002453  00000-0  39300-4 0  9999
2 39574  65.0057 300.9017 0011320 285.4121  74.5774 15.55977235351230
SENTINEL-1A             
1 39634U 14016A   20125.83034348  .00000013  00000-0  12462-4 0  9993
2 39634  98.1827 133.4259 0001338  78.7452 281.3897 14.59198401324208
KAZEOSAT 1              
1 39731U 14024A   20125.81019618  .00000005  00000-0  14580-4 0  9995
2 39731  98.3183 199.9636 0001469  91.2189 268.9169 14.42058510316595
ALOS-2                  
1 39766U 14029A   20125.82030717  .00000128  00000-0  23955-4 0  9994
2 39766  97.9194 223.0399 0001588  86.6884 273.4508 14.79474006321245
KAZEOSAT 2              
1 40010U 14033A   20125.86968338 -.00000011  00000-0  52028-5 0  9992
2 40010  97.8097  22.8259 0017579  85.5842 274.7376 14.82108634317864
HODOYOSHI-4             
1 40011U 14033B   20125.82472850  .00000052  00000-0  13321-4 0  9994
2 40011  97.7811  15.2872 0028226  83.9927 276.4498 14.81186240317561
DEIMOS-2                
1 40013U 14033D   20125.48791313  .00000082  00000-0  15867-4 0  9996
2 40013  97.8205  28.8443 0002245 101.3969 258.7476 14.84648657318343
HODOYOSHI-3             
1 40015U 14033F   20125.54061774  .00000063  00000-0  15381-4 0  9996
2 40015  97.7440   2.6590 0038470 101.9610 258.5918 14.78590050316945
SPOT 7                  
1 40053U 14034A   20125.81090906 -.00000018  00000-0  60339-5 0  9993
2 40053  98.1843 193.5233 0001411 103.4181 256.7173 14.58563720311319
SKYSAT-2                
1 40072U 14037D   20125.52718566  .00000118  00000-0  22695-4 0  9996
2 40072  98.4589 301.3865 0005152 277.5501  82.5125 14.81275980314662
WORLDVIEW-3 (WV-3)      
1 40115U 14048A   20125.76693669  .00000028  00000-0  93408-5 0  9999
2 40115  97.7789 202.6857 0002385  93.8736 266.2746 14.85115060310316
GAOFEN 2                
1 40118U 14049A   20125.80091053  .00000078  00000-0  16801-4 0  9993
2 40118  97.8399 204.0506 0006713 321.2084  38.8641 14.80661805308612
YAOGAN 21               
1 40143U 14053A   20125.86424465  .00000652  00000-0  30145-4 0  9994
2 40143  97.4419 192.9576 0017760  65.6893  62.9332 15.23571755314762
YAOGAN 22               
1 40275U 14063A   20125.91749066 -.00000045  00000-0  00000+0 0  9993
2 40275 100.4905 240.1421 0006226 194.8643 165.2291 13.15421331266042
ASNARO                  
1 40298U 14070A   20125.83478159  .00000879  00000-0  44395-4 0  9993
2 40298  97.4169 208.7398 0002274  94.4641  45.0693 15.19639372304719
HODOYOSHI-1             
1 40299U 14070B   20125.86495698  .00000505  00000-0  23701-4 0  9998
2 40299  97.3222 203.6107 0012648 357.6185 114.1119 15.24029791305170
QSAT-EOS                
1 40301U 14070D   20125.81478046  .00001404  00000-0  55580-4 0  9994
2 40301  97.2935 201.2513 0024488 346.8929 132.8487 15.26842479305274
YAOGAN 23               
1 40305U 14071A   20125.89588072  .00000572  00000-0  31356-4 0  9998
2 40305  97.5219  65.6701 0000763  56.5383  14.5167 15.18120327303121
YAOGAN 24               
1 40310U 14072A   20125.81195543  .00000087  00000-0  19772-4 0  9993
2 40310  97.8913 248.8444 0015870 267.5129  92.4263 14.76289351294090
CBERS 4                 
1 40336U 14079A   20125.82172677 -.00000009  00000-0  12212-4 0  9999
2 40336  98.5630 197.8046 0000829 117.9418 242.1846 14.35411329283423
RESURS P2               
1 40360U 14087A   20125.86621943  .00000575  00000-0  20099-4 0  9993
2 40360  97.2430 215.5145 0008847 353.0787 139.4110 15.33506478299633
YAOGAN 26               
1 40362U 14088A   20125.88449284  .00000669  00000-0  30744-4 0  9996
2 40362  97.2493 195.3111 0007869 297.2475 175.9105 15.23628148298230
SMAP                    
1 40376U 15003A   20125.83216893  .00000043  00000-0  17395-4 0  9995
2 40376  98.1242 133.0068 0002068  95.9002 264.2435 14.63382684280843
KOMPSAT-3A              
1 40536U 15014A   20125.87562439  .00000247  00000-0  17966-4 0  9999
2 40536  97.5387  65.9106 0000825  92.2428 345.5055 15.12259918282134
SENTINEL-2A             
1 40697U 15028A   20125.83692696  .00000011  00000-0  20923-4 0  9993
2 40697  98.5701 200.6896 0001259  92.4941 267.6385 14.30815041254224
GAOFEN 8                
1 40701U 15030A   20125.86006109  .00000858  00000-0  38865-4 0  9996
2 40701  97.4653 248.5575 0009058 306.8077 167.1996 15.23569515270603
CARBONITE 1 (CBNT-1)    
1 40718U 15032D   20125.90225822  .00000092  00000-0  21129-4 0  9991
2 40718  97.8443   8.2095 0017081 356.9651   3.1444 14.74800954259399
YAOGAN 27               
1 40878U 15040A   20125.81757646 -.00000043  00000-0  11993-5 0  9997
2 40878 100.2365 175.5483 0007794 327.4181  32.6441 13.15964687225270
GAOFEN 9                
1 40894U 15047A   20125.85109932  .00000045  00000-0  13869-4 0  9999
2 40894  97.8887 206.1389 0033164 186.5142 173.5638 14.76298724250041
LAPAN-A2                
1 40931U 15052B   20125.02811343  .00000898  00000-0  35794-4 0  9999
2 40931   5.9957 292.2308 0014530   7.3956 280.7373 14.76636066248675
YAOGAN 28               
1 41026U 15064A   20125.87794991  .00000701  00000-0  32320-4 0  9995
2 41026  97.4472 257.9574 0000881 180.5539 336.8596 15.23524320250458
YAOGAN 29               
1 41038U 15069A   20125.77679476  .00000018  00000-0  92227-5 0  9996
2 41038  98.0085 113.8270 0002088  62.9814 297.1607 14.80445373239812
KENT RIDGE 1            
1 41167U 15077B   20125.24211196  .00000794  00000-0  83537-5 0  9996
2 41167  14.9813  86.0295 0011355 117.9142 278.3449 15.09144706242098
TELEOS 1                
1 41169U 15077D   20125.11615324  .00001158  00000-0  29006-4 0  9990
2 41169  14.9799  72.2583 0010051 140.2300 328.6932 15.10522552242207
GAOFEN 4                
1 41194U 15083A   20125.92466385 -.00000343  00000-0  00000+0 0  9999
2 41194   0.0843  92.3731 0005052  71.9057 137.5669  1.00268748 16080
JASON-3                 
1 41240U 16002A   20125.55200352 -.00000063  00000-0 -65066-5 0  9991
2 41240  66.0397  96.3302 0008407 271.7436  88.2616 12.80929696200933
SENTINEL-3A             
1 41335U 16011A   20125.73846961 -.00000015  00000-0  11950-4 0  9996
2 41335  98.6268 193.1250 0001006  91.0498 269.0798 14.26736032219441
SENTINEL-1B             
1 41456U 16025A   20125.79557474  .00000001  00000-0  99074-5 0  9997
2 41456  98.1824 133.2176 0001362  82.8023 277.3328 14.59198152214365
ZIYUAN 3-2 (ZY 3-2)     
1 41556U 16033A   20125.84726497  .00000556  00000-0  27839-4 0  9990
2 41556  97.3640 201.8896 0004022 142.9887 353.3597 15.21377387218283
NUSAT-1 (FRESCO)        
1 41557U 16033B   20125.76405778  .00001098  00000-0  42963-4 0  9995
2 41557  97.4021 216.2773 0012119 238.7255 121.2798 15.27931665219109
NUSAT-2 (BATATA)        
1 41558U 16033C   20125.78598302  .00001278  00000-0  46719-4 0  9997
2 41558  97.4072 218.4398 0011197 235.6493 124.3688 15.29906506219210
CARTOSAT-2C             
1 41599U 16040A   20125.91960147  .00000350  00000-0  19835-4 0  9994
2 41599  97.4526 185.9910 0014026   9.0059 163.9081 15.19250962214489
SKYSAT-C1               
1 41601U 16040C   20125.47905602  .00001487  00000-0  42297-4 0  9994
2 41601  97.2248 203.9355 0004772 329.5603  30.5259 15.37717876214958
LAPAN-A3                
1 41603U 16040E   20125.90186829  .00000069  00000-0  63197-5 0  9994
2 41603  97.3133 180.8001 0013527   2.8169 170.4791 15.19826835214525
BIROS                   
1 41604U 16040F   20125.40045925  .00000463  00000-0  23254-4 0  9998
2 41604  97.3185 184.0640 0011795 347.9350  12.1602 15.21997494214670
GAOFEN 3                
1 41727U 16049A   20125.83377733 -.00000034  00000-0  28812-5 0  9996
2 41727  98.4131 134.0579 0001839  90.5959 269.5442 14.42212033196589
SKYSAT-C4               
1 41771U 16058B   20125.42917027  .00001282  00000-0  36798-4 0  9992
2 41771  97.2117 196.3660 0002489  95.6944 264.4585 15.37664767201908
SKYSAT-C5               
1 41772U 16058C   20125.88120733  .00000508  00000-0  23969-4 0  9999
2 41772  97.3592 196.3967 0001991  79.9508 340.7951 15.23794852201904
SKYSAT-C2               
1 41773U 16058D   20125.47142871  .00001287  00000-0  36789-4 0  9991
2 41773  97.2120 196.7153 0002047  76.6461 283.5012 15.37793216201930
SKYSAT-C3               
1 41774U 16058E   20125.35312364  .00001294  00000-0  37037-4 0  9990
2 41774  97.2115 196.5774 0003699  88.2208 271.9461 15.37733420201901
ALSAT 1B                
1 41785U 16059C   20125.78772620 -.00000008  00000-0  75941-5 0  9995
2 41785  98.0167 182.9037 0032592  90.3967 270.0965 14.63358801192519
PATHFINDER 1            
1 41787U 16059E   20125.70819790  .00000015  00000-0  11918-4 0  9999
2 41787  98.0202 183.8138 0031545  88.6665 271.8156 14.63726613192549
SCATSAT 1               
1 41790U 16059H   20125.81280668  .00000007  00000-0  12643-4 0  9998
2 41790  98.1651 167.3878 0007065  60.4722 299.7166 14.50908760190899
WORLDVIEW-4 (WV-4)      
1 41848U 16067A   20125.55684800  .00002002  00000-0  51679-4 0  9997
2 41848  97.8463 230.4298 0005314 183.8601 176.2603 15.40514504190073
GOKTURK 1A              
1 41875U 16073A   20125.83191188  .00000017  00000-0  12570-4 0  9998
2 41875  98.1578  20.5616 0001235  65.6295 294.5035 14.62753125182183
RESOURCESAT-2A          
1 41877U 16074A   20125.87710644 -.00000009  00000-0  15360-4 0  9991
2 41877  98.5940 196.1747 0001553 107.7250 252.4093 14.21682075176853
CARTOSAT-2D             
1 41948U 17008A   20125.39077020  .00000533  00000-0  28581-4 0  9999
2 41948  97.4955 184.1781 0008624 139.3155 220.8708 15.19210677178275
SENTINEL-2B             
1 42063U 17013A   20125.52216283 -.00000044  00000-0 -43465-7 0  9995
2 42063  98.5703 200.3670 0001159  79.8864 280.2457 14.30813338165098
ZHUHAI-1 02 (CAS 4B)    
1 42759U 17034B   20125.89845537  .00000132  00000-0  21474-4 0  9999
2 42759  43.0188 266.3547 0009702 117.5889  24.7999 15.09805050159382
NUSAT-3 (MILANESAT)     
1 42760U 17034C   20125.81529663  .00000209  00000-0  25852-4 0  9991
2 42760  43.0172 265.6069 0008727 137.4482  14.0345 15.10275454159393
ZHUHAI-1 01 (CAS 4A)    
1 42761U 17034D   20125.84243773  .00000245  00000-0  28297-4 0  9996
2 42761  43.0187 265.9905 0010107 118.3032  10.0047 15.09884267159375
CARTOSAT-2E             
1 42767U 17036C   20125.60652217  .00000428  00000-0  23485-4 0  9992
2 42767  97.4256 185.0511 0008443 184.6509 175.4651 15.19257071158870
FORMOSAT-5              
1 42920U 17049A   20125.78664278 -.00000018  00000-0  67706-5 0  9997
2 42920  98.2995 205.3302 0011974 103.0648 257.1890 14.50848328142686
SENTINEL-5P             
1 42969U 17064A   20125.55180641 -.00000029  00000-0  69537-5 0  9995
2 42969  98.7330  65.2822 0001145  88.0559 272.0748 14.19552999132520
SKYSAT-C11              
1 42987U 17068A   20125.55002871  .00001404  00000-0  39558-4 0  9993
2 42987  97.2251 240.4381 0009367 200.7238 159.3629 15.38092669139330
SKYSAT-C10              
1 42988U 17068B   20125.53767291  .00001355  00000-0  38298-4 0  9991
2 42988  97.2293 240.1805 0002156 231.5242 128.5810 15.38062715139352
SKYSAT-C9               
1 42989U 17068C   20125.39548688  .00001445  00000-0  40724-4 0  9990
2 42989  97.2254 239.6796 0003328  96.1639 263.9985 15.38054324139522
SKYSAT-C8               
1 42990U 17068D   20125.58337053  .00001372  00000-0  38663-4 0  9993
2 42990  97.2290 240.6069 0002249 178.7737 181.3514 15.38131411139384
SKYSAT-C7               
1 42991U 17068E   20125.57110652  .00001358  00000-0  38381-4 0  9998
2 42991  97.2296 240.5912 0001546 112.2577 247.8832 15.38066681139388
SKYSAT-C6               
1 42992U 17068F   20125.82112922  .00001176  00000-0  33521-4 0  9998
2 42992  97.2310 241.0380 0003480 111.3372 248.8245 15.38066872139430
CARTOSAT-2F             
1 43111U 18004A   20125.86072113  .00000294  00000-0  17101-4 0  9990
2 43111  97.3887 186.4892 0003820 190.6203 282.5495 15.19275761128095
MICROSAT-TD             
1 43128U 18004T   20125.72660059  .00027754  00000-0  15600-3 0  9996
2 43128  96.7573 179.0464 0005139 341.4553  18.6528 15.79199755132487
NUSAT-4 (ADA)           
1 43195U 18015D   20125.89457758  .00001056  00000-0  45889-4 0  9990
2 43195  97.4328 254.9094 0015909 248.8108 226.9300 15.24440374125256
NUSAT-5 (MARYAM)        
1 43204U 18015K   20125.88940174  .00001058  00000-0  45699-4 0  9990
2 43204  97.4329 255.0992 0015313 251.0518 227.0715 15.24646583124865
GAOFEN 1-02             
1 43259U 18031A   20125.80728253  .00000075  00000-0  18114-4 0  9992
2 43259  97.9649 204.7513 0004222 350.5178   9.5947 14.76447464112982
GAOFEN 1-03             
1 43260U 18031B   20125.85248239  .00000047  00000-0  13993-4 0  9999
2 43260  97.9643 204.8069 0006461  55.7056 304.4757 14.76449275112989
GAOFEN 1-04             
1 43262U 18031D   20125.82983890  .00000064  00000-0  16520-4 0  9995
2 43262  97.9653 204.7494 0003875   4.6579 355.4661 14.76452413112979
SENTINEL-3B             
1 43437U 18039A   20125.43047921 -.00000007  00000-0  15171-4 0  9999
2 43437  98.6308 192.7488 0000946  78.1162 282.0124 14.26734883105461
GAOFEN 5                
1 43461U 18043A   20125.83000691  .00000024  00000-0  15140-4 0  9992
2 43461  98.1948  63.6066 0002133 138.4934 221.6435 14.57759710105945
GAOFEN 6                
1 43484U 18048A   20125.85707871  .00000034  00000-0  12250-4 0  9998
2 43484  97.9866 206.1560 0009694 168.0069 192.1372 14.76490344103683
GAOFEN 11               
1 43585U 18063A   20125.88189892  .00000564  00000-0  26473-4 0  9997
2 43585  97.3837 206.1928 0017235  16.8030  94.6026 15.23582006 98600
AEOLUS                  
1 43600U 18066A   20125.59283975  .00023291  00000-0  91232-4 0  9990
2 43600  96.7198 132.6477 0006435  85.1014 275.0993 15.86951600 98410
ICESAT-2                
1 43613U 18070A   20125.55636840  .00001169  00000-0  42307-4 0  9997
2 43613  92.0013  49.5557 0003332  97.1690 262.9938 15.28269138 91185
HYSIS                   
1 43719U 18096A   20125.70004978  .00000138  00000-0  25766-4 0  9995
2 43719  97.9060 193.6709 0011007  17.5304 342.6286 14.78733786 77202
KAZSTSAT                
1 43783U 18099AB  20125.43734405 -.00000120  00000-0 -59865-5 0  9995
2 43783  97.7203 197.5084 0007836 339.8579  20.2331 14.93609349 77268
SAUDISAT 5A             
1 43831U 18102A   20125.58880453  .00000123  00000-0  12092-4 0  9996
2 43831  97.5702 202.2262 0013355 311.7979 184.3154 15.08029894 77524
SAUDISAT 5B             
1 43833U 18102C   20125.56744708  .00000755  00000-0  52456-4 0  9997
2 43833  97.5713 202.5409 0014361 319.8949 150.4972 15.08476739 77535
GAOFEN 10R              
1 44622U 19066A   20125.83918107  .00000131  00000-0  23615-4 0  9993
2 44622  97.8140  70.3228 0001722  62.7251 297.4140 14.80662400 31525
CARTOSAT-3              
1 44804U 19081A   20125.86548641  .00000253  00000-0  15450-4 0  9990
2 44804  97.4999 186.9357 0016558  45.1655  67.5786 15.18815621 24181
GAOFEN 12               
1 44819U 19082A   20125.81837512  .00000007  00000-0  77315-5 0  9996
2 44819  97.9165 148.4427 0001914  95.3973 264.7457 14.80205385 23495
NUSAT-7 (SOPHIE)        
1 45017U 20003B   20125.74978894  .00000691  00000-0  28379-4 0  9997
2 45017  97.3195 192.7132 0011670 238.4383 121.5717 15.27490452 16880
NUSAT-8 (MARIE)         
1 45018U 20003C   20125.63578664  .00000907  00000-0  36645-4 0  9992
2 45018  97.3213 192.5847 0010919 235.0429 124.9785 15.27252884 16867
