LEMUR-1                 
1 40044U 14033AL  20138.17099460  .00000096  00000-0  21443-4 0  9996
2 40044  97.7137 355.3480 0060525 101.4948 259.3066 14.74205151317306
LEMUR-2-JOEL            
1 40932U 15052C   20137.48693060  .00000805  00000-0  21243-4 0  9999
2 40932   6.0064 184.6367 0014047 227.7085 132.1851 14.77968136250705
LEMUR-2-CHRIS           
1 40933U 15052D   20137.71720923  .00000810  00000-0  21559-4 0  9991
2 40933   6.0046 180.0073 0014763 237.7944 122.0751 14.78119159250767
LEMUR-2-PETER           
1 40935U 15052F   20137.52594874  .00000795  00000-0  21119-4 0  9990
2 40935   6.0030 198.4431 0010599 196.0351 163.9441 14.77261247250568
LEMUR-2-XIAOQING        
1 41871U 16062C   20138.27958709  .00001527  00000-0  70435-4 0  9995
2 41871  51.6433  48.2824 0006318 101.7940 258.3748 15.26699391193453
LEMUR-2-SOKOLSKY        
1 41872U 16062D   20138.04506394  .00002137  00000-0  93805-4 0  9994
2 41872  51.6855  54.8230 0002485 203.1365 156.9503 15.26493911193390
LEMUR-2-ANUBHAVTHAKUR   
1 41873U 16062E   20138.23557384 -.00000532  00000-0 -80899-5 0  9990
2 41873  51.6769  67.0664 0002086  37.3980 322.7143 15.23597815193195
LEMUR-2-WINGO           
1 41874U 16062F   20138.16691215  .00001849  00000-0  83827-4 0  9998
2 41874  51.6567  53.9694 0012038  25.8655 334.2923 15.26140573193369
LEMUR-2-JOBANPUTRA      
1 41991U 17008AV  20138.17779771  .00000951  00000-0  40946-4 0  9992
2 41991  97.3586 204.1485 0008901  61.9111 298.3025 15.24969923180025
LEMUR-2-SPIRE-MINIONS   
1 41992U 17008AW  20138.15690362  .00001242  00000-0  50766-4 0  9994
2 41992  97.3616 205.5561 0008510  59.4100 300.7977 15.26194413180105
LEMUR-2-SATCHMO         
1 41993U 17008AX  20137.91734733  .00000997  00000-0  42606-4 0  9999
2 41993  97.3591 204.1847 0008836  62.0676 298.1455 15.25133253180003
LEMUR-2-SMITA-SHARAD    
1 41994U 17008AY  20138.19138077  .00001231  00000-0  50416-4 0  9990
2 41994  97.3612 205.4643 0008569  58.0982 302.1089 15.26150943180100
LEMUR-2-RDEATON         
1 41995U 17008AZ  20138.13647446  .00000907  00000-0  38935-4 0  9991
2 41995  97.3595 204.5297 0010051  71.6810 288.5521 15.25195130180728
LEMUR-2-TACHIKOMA       
1 41996U 17008BA  20138.15339169  .00001253  00000-0  51447-4 0  9992
2 41996  97.3641 205.5602 0009751  70.6320 289.5972 15.26026928179999
LEMUR-2-NOGUECORREIG    
1 41997U 17008BB  20138.22402180  .00001246  00000-0  50825-4 0  9996
2 41997  97.3625 205.8857 0009766  69.6749 290.5538 15.26259887180114
LEMUR-2-MIA-GRACE       
1 41998U 17008BC  20138.20470055  .00000875  00000-0  37776-4 0  9998
2 41998  97.3592 204.4171 0009973  72.3455 287.8871 15.25084148179962
LEMUR-2-ANGELA          
1 42752U 17019B   20138.00458596  .00001246  00000-0  52337-4 0  9996
2 42752  51.6414 325.2226 0009650 191.5872 168.4888 15.31466444164279
LEMUR-2-JENNYBARNA      
1 42753U 17019C   20137.97718720  .00001935  00000-0  71432-4 0  9992
2 42753  51.6409 319.1774 0009118 195.6766 164.3934 15.32960971164306
LEMUR-2-ROBMOORE        
1 42754U 17019D   20138.00425524  .00001328  00000-0  55175-4 0  9997
2 42754  51.6412 325.9411 0009559 193.8771 166.1949 15.31359149164246
LEMUR-2-SPIROVISION     
1 42755U 17019E   20138.06216762  .00000909  00000-0  39646-4 0  9995
2 42755  51.6411 318.7311 0009580 196.4055 250.3089 15.33032758164239
LEMUR-2-SHAINAJOHL      
1 42771U 17036G   20138.19814189  .00001077  00000-0  48687-4 0  9995
2 42771  97.3050 192.2558 0015814 124.4286 235.8449 15.22930833160979
LEMUR-2-XUENITERENCE    
1 42772U 17036H   20138.18349861  .00001107  00000-0  49703-4 0  9999
2 42772  97.3028 192.2714 0015314 123.3548 236.9158 15.23130184160985
LEMUR-2-LUCYBRYCE       
1 42773U 17036J   20138.20094251  .00000813  00000-0  37473-4 0  9997
2 42773  97.3081 192.8688 0015432 122.4844 237.7887 15.22947286161001
LEMUR-2-KUNGFOO         
1 42774U 17036K   20138.10111256  .00001091  00000-0  49088-4 0  9996
2 42774  97.3051 192.3861 0015235 123.5002 236.7693 15.23090843160963
LEMUR-2-LYNSEY-SYMO     
1 42779U 17036Q   20138.21386570  .00001267  00000-0  54184-4 0  9994
2 42779  97.3081 194.3783 0013155 126.6932 233.5517 15.24575246161081
LEMUR-2-LISASAURUS      
1 42780U 17036R   20138.14568228  .00000841  00000-0  38132-4 0  9992
2 42780  97.3070 193.4548 0013347 128.7843 231.4589 15.23450705161039
LEMUR-2-SAM-AMELIA      
1 42781U 17036S   20138.04314401  .00000882  00000-0  39558-4 0  9992
2 42781  97.3088 193.8544 0013382 128.5894 231.6544 15.23710927161030
LEMUR-2-MCPEAKE         
1 42782U 17036T   20138.10196509  .00001168  00000-0  51024-4 0  9997
2 42782  97.3068 193.8877 0012949 127.9760 232.2649 15.23992315161048
LEMUR-2-GREENBERG       
1 42837U 17042N   20138.09302552  .00000470  00000-0  51400-4 0  9993
2 42837  97.5289  22.7398 0014013  30.4414 329.7617 14.92164791154708
LEMUR-2-ANDIS           
1 42838U 17042P   20138.15229150  .00000398  00000-0  44307-4 0  9990
2 42838  97.5287  22.8101 0014039  29.8791 330.3227 14.92114194154716
LEMUR-2-MONSON          
1 42839U 17042Q   20138.14312955  .00000259  00000-0  30842-4 0  9991
2 42839  97.5297  22.7020 0013719  30.0369 330.1635 14.91937041154709
LEMUR-2-FURIAUS         
1 42840U 17042R   20137.91883420  .00000087  00000-0  13781-4 0  9999
2 42840  97.5295  22.6656 0014067  30.7509 329.4532 14.92067675154674
LEMUR-2-PETERG          
1 42841U 17042S   20137.77999483  .00000251  00000-0  29759-4 0  9996
2 42841  97.5311  22.9146 0013523  28.5830 331.6128 14.92360467154681
LEMUR-2-DEMBITZ         
1 42842U 17042T   20137.77068595  .00000363  00000-0  40712-4 0  9994
2 42842  97.5302  22.8860 0013605  29.2894 330.9085 14.92354868154685
LEMUR-2-ZACHARY         
1 42845U 17042W   20138.15114870  .00000455  00000-0  49311-4 0  9994
2 42845  97.5236  22.8852 0013851  30.9232 329.2801 14.92619812154751
LEMUR-2-ARTFISCHER      
1 42881U 17042BJ  20138.23973537  .00003412  00000-0  84636-4 0  9991
2 42881  96.8953   7.2962 0013115  83.0292 277.2447 15.40917808159243
LEMUR-2-ROCKETJONAH     
1 43041U 17071E   20138.17439473  .00003866  00000-0  82674-4 0  9994
2 43041  51.6364 206.9053 0000283 242.3922 117.7037 15.47368268140013
LEMUR-2-YONGLIN         
1 43045U 17071J   20138.17251844  .00001832  00000-0  42551-4 0  9993
2 43045  51.6371 203.2340 0003531 300.0160  60.0478 15.48168881137799
LEMUR-2-KEVIN           
1 43046U 17071K   20138.21198357  .00003134  00000-0  70528-4 0  9990
2 43046  51.6378 208.7298 0003455 294.4665  65.5962 15.46556413137721
LEMUR-2-BRIANDAVIE      
1 43047U 17071L   20138.18727028  .00003403  00000-0  74910-4 0  9998
2 43047  51.6361 209.1959 0002797 334.4698  25.6151 15.46929968137706
LEMUR-2-ROMACOSTE       
1 43048U 17071M   20138.23310928  .00003156  00000-0  68711-4 0  9999
2 43048  51.6368 206.5968 0002805 335.8805  24.2051 15.47528560137742
LEMUR-2-MCCULLAGH       
1 43051U 17071Q   20137.90405650  .00004095  00000-0  86773-4 0  9994
2 43051  51.6387 208.1762 0000910  89.4947 270.6145 15.47477043137640
LEMUR-2-DUNLOP          
1 43053U 17071S   20137.75178251  .00003624  00000-0  80609-4 0  9992
2 43053  51.6358 213.0031 0000915  78.9378 281.1712 15.46396506137572
LEMUR-2-LIU-POU-CHUN    
1 43054U 17071T   20138.24610453  .00003268  00000-0  72148-4 0  9996
2 43054  51.6367 207.3934 0000326 290.9844  69.1108 15.46969767137692
LEMUR-2-MCCAFFERTY      
1 43123U 18004N   20137.99648259  .00001290  00000-0  54142-4 0  9993
2 43123  97.4500 210.2471 0010388 152.1122 208.0674 15.25268567130302
LEMUR-2-PETERWEBSTER    
1 43124U 18004P   20137.98702994  .00001265  00000-0  53264-4 0  9996
2 43124  97.4505 210.1255 0010449 151.0987 209.0831 15.25197168130294
LEMUR-2-BROWNCOW        
1 43125U 18004Q   20137.93033498  .00001586  00000-0  65237-4 0  9997
2 43125  97.4512 210.3570 0010292 151.5069 208.6734 15.25595839130303
LEMUR-2-DAVEWILSON      
1 43126U 18004R   20137.97686192  .00001520  00000-0  62878-4 0  9993
2 43126  97.4513 210.3057 0010347 151.4154 208.7653 15.25474484130303
LEMUR-2-MARSHALL        
1 43165U 18010C   20138.21182819  .00001482  00000-0  64970-4 0  9990
2 43165  82.9190  64.9044 0031641 141.8024 218.5463 15.20664540128623
LEMUR-2-TALLHAMN-ATC    
1 43167U 18010E   20138.24643357  .00000665  00000-0  30332-4 0  9991
2 43167  82.9220  67.6063 0024922 154.8948 205.3505 15.18416795128460
LEMUR-2-JIN-LUEN        
1 43182U 18014C   20137.67590807  .00000476  00000-0  46874-4 0  9997
2 43182  97.6884  44.8087 0013626 340.7497  19.3208 14.96574042124906
LEMUR-2-URAMCHANSOL     
1 43183U 18014D   20138.18570121 -.00000144  00000-0 -75119-5 0  9991
2 43183  97.6892  45.3677 0013808 339.8494  20.2181 14.96638163124989
LEMUR-2-KADI            
1 43184U 18014E   20138.17458829  .00000135  00000-0  16905-4 0  9996
2 43184  97.6897  45.3872 0013572 341.5258  18.5469 14.96640964124989
LEMUR-2-THENICKMOLO     
1 43185U 18014F   20137.97104687  .00000443  00000-0  43874-4 0  9991
2 43185  97.6903  45.2168 0013383 343.1506  16.9269 14.96647556124950
LEMUR-2-VU              
1 43558U 18046E   20138.19898699  .00002728  00000-0  10196-3 0  9996
2 43558  51.6404 252.6756 0007705 183.3763 176.7167 15.30927850102626
LEMUR-2-ALEXANDER       
1 43559U 18046F   20138.03545799  .00001552  00000-0  62970-4 0  9992
2 43559  51.6411 253.0957 0007599 182.4339 177.6606 15.31074974102385
LEMUR-2-YUASA           
1 43560U 18046G   20137.75980829  .00001397  00000-0  58242-4 0  9993
2 43560  51.6407 254.9868 0007729 194.5971 165.4788 15.30857134102555
LEMUR-2-TOMHENDERSON    
1 43561U 18046H   20138.16146793  .00000880  00000-0  41379-4 0  9993
2 43561  51.6425 253.1673 0007906 195.6380 164.4358 15.30679303102174
LEMUR-2-ZUPANSKI        
1 43695U 18088F   20138.17779430  .00000986  00000-0  42225-4 0  9996
2 43695  85.0307  98.1283 0019695  64.2076 296.1195 15.21171853 84029
LEMUR-2-CHANUSIAK       
1 43697U 18088H   20138.03317353  .00001005  00000-0  42148-4 0  9992
2 43697  85.0369  98.2530 0017925  48.4234 311.8541 15.21935098 84051
LEMUR-2-ORZULAK         
1 43731U 18096N   20137.94259751  .00001645  00000-0  61497-4 0  9994
2 43731  97.4244 212.7497 0018897 234.2609 125.6874 15.28667818 81634
LEMUR-2-KOBYSZCZE       
1 43732U 18096P   20137.95928111  .00001613  00000-0  60071-4 0  9991
2 43732  97.4250 212.9044 0018989 234.4264 125.5207 15.28810912 81648
LEMUR-2-DULY            
1 43745U 18096AC  20137.77094512  .00001635  00000-0  60713-4 0  9991
2 43745  97.4244 212.6684 0018867 234.6118 125.3359 15.28890582 81622
LEMUR-2-VLADIMIR        
1 43746U 18096AD  20137.99771286  .00001623  00000-0  60207-4 0  9991
2 43746  97.4243 212.9670 0018945 233.9872 125.9612 15.28941315 81681
LEMUR-2-CHRISTINAHOLT   
1 43882U 18111G   20137.81005081  .00000440  00000-0  43430-4 0  9999
2 43882  97.7065  46.3261 0011607 357.6161   2.5003 14.96855947 75771
LEMUR-2-TINYKEV         
1 43883U 18111H   20138.19262509 -.00000189  00000-0 -11332-4 0  9990
2 43883  97.7071  46.7579 0011857 356.1806   3.9323 14.96931444 75836
LEMUR-2-REMY-COLTON     
1 43884U 18111J   20138.18073160  .00000088  00000-0  12699-4 0  9996
2 43884  97.7089  46.8082 0011779 357.1554   2.9599 14.97005897 73837
LEMUR-2-GUSTAVO         
1 43885U 18111K   20137.97711719  .00000281  00000-0  29535-4 0  9994
2 43885  97.7083  46.6136 0011575 357.2751   2.8406 14.96955644 75802
LEMUR-2-ZO              
1 43886U 18111L   20137.81491482  .00000520  00000-0  50161-4 0  9995
2 43886  97.7078  46.5488 0011176 355.5124   4.5996 14.97035237 75786
LEMUR-2-NATALIEMURRAY   
1 43887U 18111M   20137.57573459  .00000454  00000-0  44274-4 0  9998
2 43887  97.7092  46.4039 0011575 356.9507   3.1642 14.97164109 75758
LEMUR-2-SARAHBETTYBOO   
1 43888U 18111N   20138.15836641  .00000855  00000-0  78937-4 0  9997
2 43888  97.7092  47.0690 0011134 353.3812   6.7261 14.97205297 75840
LEMUR-2-DAISY-HARPER    
1 43889U 18111P   20138.00096030  .00000084  00000-0  12307-4 0  9995
2 43889  97.7089  46.9673 0011422 351.3061   8.7961 14.97286049 75810
LEMUR-2-JOHANLORAN      
1 44084U 19018G   20137.40952067  .00002005  00000-0  88183-4 0  9994
2 44084  97.4125 198.6772 0011474 282.3022  77.6930 15.22986919 62525
LEMUR-2-BEAUDACIOUS     
1 44085U 19018H   20137.93765963  .00001018  00000-0  46497-4 0  9995
2 44085  97.4122 199.1919 0011637 281.2218  78.7711 15.22813322 62614
LEMUR-2-ELHAM           
1 44086U 19018J   20138.22470331  .00001969  00000-0  86109-4 0  9990
2 44086  97.4130 199.6005 0011551 280.1378  79.8556 15.23214736 62664
LEMUR-2-VICTOR-ANDREW   
1 44087U 19018K   20138.14869357  .00001968  00000-0  85985-4 0  9992
2 44087  97.4130 199.5489 0011359 281.2636  78.7324 15.23250311 62654
LEMUR-2-LILLYJO         
1 44396U 19038L   20138.06872678  .00001100  00000-0  66427-4 0  9996
2 44396  97.5307  99.7310 0023178 232.7560 127.1556 15.12608695 47836
LEMUR-2-WANLI           
1 44402U 19038S   20138.14858434  .00001121  00000-0  67705-4 0  9990
2 44402  97.5312  99.8034 0023294 232.8593 127.0511 15.12544525 47853
LEMUR-2-MORAG           
1 44403U 19038T   20138.21011621  .00001227  00000-0  73709-4 0  9996
2 44403  97.5347  99.9965 0021989 236.1416 123.7722 15.12604380 47860
LEMUR-2-DUSTINTHEWIND   
1 44405U 19038V   20137.85940950  .00000731  00000-0  45322-4 0  9992
2 44405  97.5302  99.5278 0023102 233.0660 126.8455 15.12682168 47814
LEMUR-2-ALEX-MADDY      
1 44407U 19038X   20138.15906528  .00000637  00000-0  40321-4 0  9990
2 44407  97.5348  99.9078 0022073 236.7529 123.1587 15.12383904 47843
LEMUR-2-EJATTA          
1 44409U 19038Z   20138.16843310  .00001327  00000-0  78859-4 0  9996
2 44409  97.5298  99.8666 0022994 231.4479 128.4692 15.12820278 47866
LEMUR-2-GREGROBINSON    
1 44411U 19038AB  20138.15877532  .00001301  00000-0  78046-4 0  9991
2 44411  97.5355  99.9481 0022102 237.1359 122.7745 15.12536988 47521
LEMUR-2-YNDRD           
1 44413U 19038AD  20138.14916070  .00000574  00000-0  36718-4 0  9994
2 44413  97.5342  99.8917 0021957 236.5024 123.4108 15.12384197 47851
LEMUR-2-JPGSQUARED      
1 44855U 19089D   20138.07929712  .00000363  00000-0  35910-4 0  9998
2 44855  36.9680 284.1004 0004660 178.0787 181.9996 14.98871378 23647
LEMUR-2-HIMOMANDDAD     
1 44860U 19089J   20138.09312811  .00000669  00000-0  60997-4 0  9994
2 44860  36.9683 284.2112 0004782 169.3275 190.7580 14.98732249 23647
LEMUR-2-PAPPY           
1 44861U 19089K   20137.75471623  .00000657  00000-0  59944-4 0  9991
2 44861  36.9687 286.1332 0004925 170.8554 189.2281 14.98784786 23535
