STARLINK-31             
1 44235U 19029A   20154.91668981  .02150514  00000-0  68738-1 0  9990
2 44235  53.0017 276.1915 0004009 127.5089 342.8034 15.28402817 58029
STARLINK-22             
1 44236U 19029B   20154.91668981 -.00034845  00000-0 -44892-3 0  9996
2 44236  53.0041 239.3691 0010393 161.5569 283.6291 15.58103748  1774
STARLINK-23             
1 44237U 19029C   20154.91668981  .02601426  00000-0  83274-1 0  9997
2 44237  52.9958 275.9491 0003847 102.1363 332.1777 15.28249903 56919
STARLINK-24             
1 44238U 19029D   20154.82527119  .00002441  00000-0  15346-3 0  9992
2 44238  52.9978 275.7432 0001486 107.3772 252.7382 15.13002158 55273
STARLINK-25             
1 44239U 19029E   20154.91668981  .02449992  00000-0  58128-1 0  9997
2 44239  53.0056 275.8917 0003305 116.8378 347.4192 15.38035241 56831
STARLINK-26             
1 44240U 19029F   20154.71342905  .00004028  00000-0  92591-4 0  9992
2 44240  53.0091 235.2386 0001844  38.8831 321.2307 15.45111728 57455
STARLINK-27             
1 44241U 19029G   20154.91668981  .02068534  00000-0  66362-1 0  9998
2 44241  53.0057 276.3410 0003669 134.4113 353.9102 15.28420161 56904
STARLINK-28             
1 44242U 19029H   20154.91668981 -.00034509  00000-0 -44336-3 0  9993
2 44242  52.9941 233.1700 0001437 146.0415 121.9308 15.58249417  1775
STARLINK-29             
1 44243U 19029J   20154.91668981  .00044080  00000-0  58564-3 0  9995
2 44243  52.9991 181.8778 0009898 158.3583 154.2024 15.57736282  1770
STARLINK-30             
1 44244U 19029K   20154.91668981  .05523486  00000-0  17379+0 0  9998
2 44244  52.9968 275.8476 0003380  55.4474 318.9510 15.27672569 56863
STARLINK-21             
1 44245U 19029L   20154.91668981  .02322800  00000-0  75058-1 0  9993
2 44245  52.9963 276.0200 0003825 119.9310 338.4333 15.28343701 56882
STARLINK-33             
1 44247U 19029N   20154.91668981 -.00037602  00000-0 -48809-3 0  9994
2 44247  53.0057 234.9644 0001682 142.5309  54.0978 15.58020150  1771
STARLINK-34             
1 44248U 19029P   20154.91668981  .05565188  00000-0  58945-1 0  9993
2 44248  52.9984 244.3664 0003409  25.4646 297.9727 15.59354228 57271
STARLINK-61             
1 44249U 19029Q   20154.64620709  .00001320  00000-0  79161-4 0  9994
2 44249  53.0015 265.2454 0005733 329.2757  30.7900 15.18187452 57047
STARLINK-36             
1 44250U 19029R   20154.91668981  .04618432  00000-0  14806+0 0  9992
2 44250  52.9965 275.9411 0003424  79.3759 325.1315 15.27858397 56865
STARLINK-37             
1 44251U 19029S   20154.91668981  .04615646  00000-0  14811+0 0  9993
2 44251  52.9783 274.9860 0003192  86.7855 323.5879 15.27828323 56832
STARLINK-71             
1 44252U 19029T   20154.80787237  .00002519  00000-0  16087-3 0  9994
2 44252  53.0007 276.1240 0001708 122.2941 237.8216 15.12288319 55934
STARLINK-39             
1 44253U 19029U   20154.91668981  .02289461  00000-0  74010-1 0  9994
2 44253  53.0045 276.3034 0003647 125.3623 350.9732 15.28378778 56886
STARLINK-32             
1 44254U 19029V   20154.91668981  .04416687  00000-0  13923+0 0  9993
2 44254  52.9962 275.9413 0003557  97.0286 331.3465 15.27901479 56851
STARLINK-66             
1 44255U 19029W   20154.91668981 -.00036144  00000-0 -47004-3 0  9999
2 44255  53.0032 234.7485 0001374 133.1412  29.9183 15.57952240  1786
STARLINK-42             
1 44256U 19029X   20154.91668981 -.00027071  00000-0 -34409-3 0  9994
2 44256  52.9932 235.7312 0001428 191.5262 179.4636 15.58400534  1784
STARLINK-43             
1 44257U 19029Y   20154.91668981 -.00019733  00000-0 -62461-3 0  9990
2 44257  53.0026 225.3770 0001104 132.9930 211.3411 15.31756729  1762
STARLINK-40             
1 44258U 19029Z   20154.91668981  .04425828  00000-0  13966+0 0  9991
2 44258  52.9959 275.9497 0002945  91.7421 330.6411 15.27855051 56885
STARLINK-52             
1 44259U 19029AA  20154.43598257  .00017459  00000-0  23592-3 0  9990
2 44259  53.0006 185.9464 0001145 171.4932 188.6098 15.57877503 57993
STARLINK-45             
1 44260U 19029AB  20154.91668981  .03587940  00000-0  11319+0 0  9997
2 44260  53.0061 274.8595 0003524 112.2799 340.1378 15.28081187 56961
STARLINK-44             
1 44261U 19029AC  20154.91668981  .03812641  00000-0  12208+0 0  9995
2 44261  52.9960 275.9276 0003715  82.9186 333.5637 15.28018058 56906
STARLINK-49             
1 44262U 19029AD  20154.91668981  .02107824  00000-0  67495-1 0  9995
2 44262  53.0060 276.3487 0003606 142.7162 351.6144 15.28415144 56919
STARLINK-72             
1 44263U 19029AE  20154.91668981  .04868872  00000-0  15579+0 0  9999
2 44263  52.9984 275.7966 0003039  41.8982 326.5474 15.27696571 56895
STARLINK-35             
1 44264U 19029AF  20154.91668981  .04628662  00000-0  14873+0 0  9997
2 44264  52.9966 275.8853 0002835  60.1081 326.3043 15.27770439 56884
STARLINK-63             
1 44265U 19029AG  20154.91668981  .05021626  00000-0  15985+0 0  9991
2 44265  52.9961 275.2549 0003188  66.8290 325.5775 15.27732115 56920
STARLINK-54             
1 44266U 19029AH  20154.91668981  .02347470  00000-0  75652-1 0  9996
2 44266  52.9974 275.2164 0002644 170.5413   5.7681 15.28392697 56846
STARLINK-69             
1 44267U 19029AJ  20154.91668981  .02244219  00000-0  72728-1 0  9995
2 44267  52.9975 275.0994 0004057 127.8492 336.5179 15.28363314 56895
STARLINK-55             
1 44268U 19029AK  20154.91668981 -.00029038  00000-0 -36993-3 0  9992
2 44268  52.9940 233.9955 0001369 145.6522 163.0384 15.58381070  1773
STARLINK-57             
1 44269U 19029AL  20154.91668981  .02233791  00000-0  72305-1 0  9991
2 44269  52.9996 275.6342 0003738 145.7487 354.5805 15.28416532 56933
STARLINK-58             
1 44270U 19029AM  20154.91668981 -.00032241  00000-0 -39275-3 0  9991
2 44270  53.0021 244.4864 0001788 150.2869 328.1101 15.59610228  1788
STARLINK-59             
1 44271U 19029AN  20154.91668981  .04524947  00000-0  14257+0 0  9992
2 44271  52.9956 275.1784 0003069  32.7587 323.6425 15.27802559 56910
STARLINK-51             
1 44272U 19029AP  20154.91668981  .05046154  00000-0  16044+0 0  9999
2 44272  52.9945 275.8035 0003417  56.5987 323.8065 15.27750726 56886
STARLINK-60             
1 44273U 19029AQ  20154.32677624  .00042123  00000-0  55124-3 0  9992
2 44273  52.9952 175.8430 0007875  29.2351 330.9099 15.58181456 58236
STARLINK-62             
1 44274U 19029AR  20154.91668981 -.00035472  00000-0 -43818-3 0  9992
2 44274  53.0049 244.3849 0001690 156.5921 174.9130 15.59295293  1773
STARLINK-64             
1 44275U 19029AS  20154.91668981 -.00032624  00000-0 -85414-3 0  9997
2 44275  52.9922 252.9708 0004793 267.4915 284.9070 15.37952069  1775
STARLINK-65             
1 44276U 19029AT  20154.91668981  .04352371  00000-0  13795+0 0  9993
2 44276  53.0005 275.7701 0003270   9.7708 322.6530 15.27787479 56908
STARLINK-41             
1 44277U 19029AU  20154.91668981 -.00027711  00000-0 -31267-3 0  9997
2 44277  53.0052 236.5166 0007931 163.4916 148.4851 15.61461038  1771
STARLINK-68             
1 44279U 19029AW  20154.91668981  .03447598  00000-0  12124+0 0  9996
2 44279  52.9963 274.7791 0003417  64.6359 314.4043 15.24626989 56874
STARLINK-38             
1 44280U 19029AX  20154.91668981  .04710578  00000-0  15104+0 0  9991
2 44280  52.9997 275.7314 0003141  17.6248 320.8215 15.27769304 56913
STARLINK-70             
1 44281U 19029AY  20154.91668981  .02415686  00000-0  77753-1 0  9992
2 44281  52.9976 275.2925 0003904 113.8735 332.4962 15.28338813 56850
STARLINK-80             
1 44282U 19029AZ  20154.74442422  .00003335  00000-0  14424-3 0  9994
2 44282  53.0212 241.3620 0004010 170.7482 189.3589 15.25261619 55783
STARLINK-56             
1 44283U 19029BA  20154.91668981  .04854697  00000-0  15522+0 0  9999
2 44283  52.9992 275.8156 0003371  27.1673 323.2643 15.27735669 56907
STARLINK-73             
1 44284U 19029BB  20154.91668981  .04810103  00000-0  15394+0 0  9991
2 44284  52.9990 275.7888 0003059  23.1819 321.2740 15.27742613 56899
STARLINK-50             
1 44285U 19029BC  20154.91668981  .03556000  00000-0  15398+0 0  9998
2 44285  53.0008 276.2738 0003006 116.3408 352.2836 15.18021301 57955
STARLINK-75             
1 44286U 19029BD  20154.91668981 -.00035316  00000-0 -45823-3 0  9990
2 44286  53.0056 236.3843 0009164 194.8434 285.4143 15.57939887  1771
STARLINK-76             
1 44287U 19029BE  20154.91668981  .02381339  00000-0  76480-1 0  9991
2 44287  52.9962 275.9765 0003775 114.1365 326.0932 15.28460284 57966
STARLINK-79             
1 44288U 19029BF  20154.91668981  .02877432  00000-0  92872-1 0  9999
2 44288  53.0077 276.4258 0003085 158.2870 354.1167 15.28201534 57966
STARLINK-48             
1 44289U 19029BG  20154.72853898 -.00001045  00000-0 -33163-4 0  9992
2 44289  52.9988 251.0611 0002358 145.2863 214.8285 15.19924511 56439
STARLINK-78             
1 44290U 19029BH  20154.91668981  .02647586  00000-0  84522-1 0  9990
2 44290  53.0069 276.3170 0003027 148.1671 358.2342 15.28269790 57963
STARLINK-77             
1 44291U 19029BJ  20154.91668981  .02470088  00000-0  79206-1 0  9995
2 44291  53.0093 276.5022 0002942 166.7752   3.5629 15.28380937 57965
STARLINK-81             
1 44292U 19029BK  20154.91668981  .02330788  00000-0  75149-1 0  9990
2 44292  53.0096 276.5281 0002197 171.9328  10.3836 15.28400360 57953
STARLINK-74             
1 44293U 19029BL  20154.91668981  .02740846  00000-0  87278-1 0  9997
2 44293  53.0055 276.3734 0003255 131.7554 350.6194 15.28218934 57952
STARLINK-53             
1 44294U 19029BM  20154.91668981  .04976159  00000-0  15864+0 0  9998
2 44294  52.9977 275.1423 0003199  11.9175 314.5446 15.27723146 57966
STARLINK-1007           
1 44713U 19074A   20154.91668981 -.00009435  00000-0 -62884-3 0  9994
2 44713  52.9995 279.8016 0001163  99.7308  38.8154 15.05602301  1755
STARLINK-1008           
1 44714U 19074B   20154.91668981 -.00011400  00000-0 -76396-3 0  9993
2 44714  53.0008 279.7917 0001458  82.0081 146.4526 15.05603576  1756
STARLINK-1009           
1 44715U 19074C   20154.91668981 -.00014629  00000-0 -98651-3 0  9998
2 44715  52.9970 279.8063 0000963  94.1654 188.3494 15.05596570  1750
STARLINK-1010           
1 44716U 19074D   20154.91668981 -.00010090  00000-0 -78203-3 0  9998
2 44716  52.9812 278.9475 0000955  93.1257  12.8633 15.00048433  1753
STARLINK-1011           
1 44717U 19074E   20154.91668981  .00019663  00000-0  13649-2 0  9994
2 44717  52.9998 299.8036 0001214 102.8835  51.4217 15.05580791  1753
STARLINK-1012           
1 44718U 19074F   20154.91668981 -.00016263  00000-0 -10996-2 0  9992
2 44718  52.9989 279.7995 0001247 100.5352 253.9463 15.05577566  1758
STARLINK-1013           
1 44719U 19074G   20154.91668981 -.00016371  00000-0 -11069-2 0  9995
2 44719  52.9985 279.8007 0001269 104.2281 196.2675 15.05584111  1765
STARLINK-1014           
1 44720U 19074H   20154.91668981 -.00013307  00000-0 -89491-3 0  9998
2 44720  53.0016 279.7904 0008128  58.6836 151.7560 15.05582466  1768
STARLINK-1015           
1 44721U 19074J   20154.91668981 -.00016018  00000-0 -10821-2 0  9991
2 44721  52.9968 279.8141 0001292 102.2972 162.2422 15.05598814  1767
STARLINK-1016           
1 44722U 19074K   20154.91668981 -.00012455  00000-0 -83687-3 0  9994
2 44722  53.0013 279.7859 0001085 100.3816 146.0929 15.05593198  1764
STARLINK-1017           
1 44723U 19074L   20154.91668981 -.00010378  00000-0 -69394-3 0  9996
2 44723  52.9991 279.7991 0001044 110.3827  64.0555 15.05590832  1769
STARLINK-1019           
1 44724U 19074M   20154.91668981 -.00016652  00000-0 -11264-2 0  9990
2 44724  52.9988 279.8007 0001114 101.4153 271.1208 15.05578682  1761
STARLINK-1020           
1 44725U 19074N   20154.91668981  .00019983  00000-0  13867-2 0  9990
2 44725  52.9985 299.7988 0001183 109.1033 189.2176 15.05580694  1765
STARLINK-1021           
1 44726U 19074P   20154.91668981 -.00014482  00000-0 -97650-3 0  9995
2 44726  52.9996 279.8023 0001386  96.9305 293.5393 15.05589675  1765
STARLINK-1022           
1 44727U 19074Q   20154.91668981  .00039682  00000-0  27277-2 0  9990
2 44727  53.0061 319.7599 0001274  85.4358  15.2880 15.05575173  1768
STARLINK-1023           
1 44728U 19074R   20154.91668981 -.00006351  00000-0 -41700-3 0  9998
2 44728  52.9980 279.7987 0001294  92.5379  63.9369 15.05589229  1766
STARLINK-1024           
1 44729U 19074S   20154.91668981  .00001271  00000-0  10639-3 0  9990
2 44729  52.9996 299.7975 0001252 106.9890 101.4122 15.05580768  1769
STARLINK-1025           
1 44730U 19074T   20154.91668981 -.00011227  00000-0 -75224-3 0  9997
2 44730  52.9982 279.7994 0001209  96.7746  95.6803 15.05597724  1763
STARLINK-1026           
1 44731U 19074U   20154.91668981 -.00016849  00000-0 -11397-2 0  9993
2 44731  52.9998 279.7983 0001270  84.9460 233.4668 15.05588725  1750
STARLINK-1027           
1 44732U 19074V   20154.91668981  .00016977  00000-0  11809-2 0  9992
2 44732  52.9983 299.8003 0001280  90.8408 261.5849 15.05599375  1756
STARLINK-1028           
1 44733U 19074W   20154.91668981 -.00013279  00000-0 -89379-3 0  9995
2 44733  53.0001 279.7990 0001248 105.7337 302.7188 15.05583526  1769
STARLINK-1029           
1 44734U 19074X   20154.72599293  .00000433  00000-0  11244-4 0  9997
2 44734  52.9983 248.8693 0002949 287.9315  72.1375 15.60814590 31962
STARLINK-1030           
1 44735U 19074Y   20154.91668981  .00022450  00000-0  15552-2 0  9997
2 44735  52.9978 299.8010 0001079  93.9048 222.4098 15.05576505  1753
STARLINK-1031           
1 44736U 19074Z   20154.91668981  .00022304  00000-0  15450-2 0  9993
2 44736  52.9943 299.8219 0001237  74.9166 151.4704 15.05582510  1751
STARLINK-1032           
1 44737U 19074AA  20154.91668981  .00019619  00000-0  13617-2 0  9992
2 44737  53.0002 299.7986 0001192  96.5291  75.8819 15.05586697  1755
STARLINK-1033           
1 44738U 19074AB  20154.91668981  .00023234  00000-0  16084-2 0  9992
2 44738  52.9961 299.8118 0001063  98.7952 145.6127 15.05583209  1755
STARLINK-1052           
1 44739U 19074AC  20154.91668981  .00025528  00000-0  17660-2 0  9992
2 44739  52.9983 299.7992 0001247 107.9092 172.5169 15.05555326  1755
STARLINK-1035           
1 44740U 19074AD  20154.91668981  .00019804  00000-0  13753-2 0  9993
2 44740  52.9996 299.8009 0001205  96.9757  93.3845 15.05558866  1753
STARLINK-1036           
1 44741U 19074AE  20154.91668981  .00019591  00000-0  13604-2 0  9992
2 44741  52.9990 299.7996 0001485  92.4727  43.9376 15.05569818  1759
STARLINK-1037           
1 44742U 19074AF  20154.82169293  .00001299  00000-0  10726-3 0  9994
2 44742  53.0001 300.0726 0001641  68.2830 291.8333 15.05959586 31083
STARLINK-1038           
1 44743U 19074AG  20154.91668981  .00047097  00000-0  32299-2 0  9997
2 44743  52.9994 319.8015 0001329  97.4898 111.1373 15.05581396  1752
STARLINK-1039           
1 44744U 19074AH  20154.91668981  .00042319  00000-0  29080-2 0  9994
2 44744  52.9982 319.8004 0001207 104.0459  68.6371 15.05557336  1763
STARLINK-1040           
1 44745U 19074AJ  20154.67620052  .00090444  14237-4  27043-3 0  9996
2 44745  52.9836 224.1963 0002334  57.3623 302.7627 15.92397857 32293
STARLINK-1041           
1 44746U 19074AK  20154.91668981  .00048570  00000-0  33305-2 0  9996
2 44746  52.9993 319.7999 0001569 100.5760 126.0979 15.05571607  1766
STARLINK-1042           
1 44747U 19074AL  20154.91668981  .00039933  00000-0  27465-2 0  9990
2 44747  53.0059 319.7633 0001330  95.0485 347.6418 15.05551148  1762
STARLINK-1043           
1 44748U 19074AM  20154.91668981  .00045327  00000-0  31108-2 0  9994
2 44748  53.0021 319.7921 0001497  96.7926 201.8887 15.05571946  1763
STARLINK-1044           
1 44749U 19074AN  20154.91668981  .00019358  00000-0  13438-2 0  9996
2 44749  52.9977 299.7987 0001244  98.9183  19.5298 15.05588317  1760
STARLINK-1045           
1 44750U 19074AP  20154.91668981  .00047656  00000-0  32688-2 0  9998
2 44750  53.0001 319.8032 0001199  94.9958  59.6785 15.05569743  1759
STARLINK-1046           
1 44751U 19074AQ  20154.91668981  .00042608  00000-0  29269-2 0  9992
2 44751  52.9985 319.8024 0001447  98.4243  92.2109 15.05565755  1754
STARLINK-1047           
1 44752U 19074AR  20154.91668981  .00018906  00000-0  13132-2 0  9999
2 44752  52.9975 299.7989 0001216 101.9215 358.4598 15.05581229  1767
STARLINK-1048           
1 44753U 19074AS  20154.91668981 -.00002940  00000-0 -18272-3 0  9994
2 44753  52.9987 279.8038 0001165 103.0189  17.4502 15.05572708  1759
STARLINK-1049           
1 44754U 19074AT  20154.91668981 -.00022396  00000-0 -15224-2 0  9995
2 44754  53.0003 279.7995 0001394  92.9427   9.6105 15.05588631  1762
STARLINK-1050           
1 44755U 19074AU  20154.91668981  .00040425  00000-0  27786-2 0  9993
2 44755  53.0077 319.7540 0001195 103.5351  33.1337 15.05569109  1767
STARLINK-1051           
1 44756U 19074AV  20154.91668981 -.00010022  00000-0 -66979-3 0  9994
2 44756  52.9986 279.7978 0001114 113.6143 330.9249 15.05572646  1767
STARLINK-1034           
1 44757U 19074AW  20154.91668981  .00017922  00000-0  12462-2 0  9996
2 44757  52.9988 299.8013 0001268 110.8574 277.4453 15.05575194  1763
STARLINK-1053           
1 44758U 19074AX  20154.91668981  .00042073  00000-0  28891-2 0  9995
2 44758  53.0016 319.7801 0001238  91.6424 279.0555 15.05585928  1769
STARLINK-1054           
1 44759U 19074AY  20154.91668981  .00040235  00000-0  27675-2 0  9993
2 44759  53.0041 319.7700 0001451 103.6223 303.0615 15.05544817  1761
STARLINK-1055           
1 44760U 19074AZ  20154.91668981  .00039456  00000-0  27122-2 0  9995
2 44760  53.0063 319.7591 0001370  99.2678  19.3720 15.05577079  1758
STARLINK-1056           
1 44761U 19074BA  20154.91668981  .00040114  00000-0  27585-2 0  9992
2 44761  53.0053 319.7668 0001211 102.3163 322.2940 15.05555092  1764
STARLINK-1057           
1 44762U 19074BB  20154.91668981  .00018347  00000-0  12758-2 0  9992
2 44762  52.9989 299.7989 0001280 105.6886 300.7132 15.05559579  1766
STARLINK-1058           
1 44763U 19074BC  20154.91668981  .00045803  00000-0  31444-2 0  9993
2 44763  53.0027 319.7889 0001252 104.5097 212.0954 15.05555844  1752
STARLINK-1059           
1 44764U 19074BD  20154.91668981  .00019181  00000-0  13322-2 0  9999
2 44764  52.9995 299.8002 0001201 112.8704 311.4736 15.05575134  1768
STARLINK-1060           
1 44765U 19074BE  20154.91668981  .00017779  00000-0  12361-2 0  9993
2 44765  52.9987 299.8021 0001201  92.1843 242.2662 15.05585041  1762
STARLINK-1061           
1 44766U 19074BF  20154.91668981  .00042884  00000-0  29455-2 0  9991
2 44766  53.0030 319.7823 0001140  97.8204 254.8515 15.05567974  1751
STARLINK-1062           
1 44767U 19074BG  20154.91668981  .00039811  00000-0  27366-2 0  9997
2 44767  53.0030 319.7732 0001179  91.6657 297.0156 15.05572893  1764
STARLINK-1063           
1 44768U 19074BH  20154.91668981  .00050028  00000-0  34287-2 0  9991
2 44768  52.9985 319.7955 0001540  97.8140 164.8693 15.05576856  1766
STARLINK-1064           
1 44769U 19074BJ  20154.91668981  .00045279  00000-0  31076-2 0  9997
2 44769  52.9995 319.8021 0001284 114.0426 130.6430 15.05571339  1768
STARLINK-1065           
1 44770U 19074BK  20154.78541081  .00001060  00000-0  91065-4 0  9991
2 44770  53.0053 320.2610 0000994  72.5692 287.5404 15.05945185 30801
STARLINK-1067           
1 44771U 19074BL  20154.91668981  .00044043  00000-0  30249-2 0  9999
2 44771  53.0010 319.7859 0001243  92.4429 242.1614 15.05557590  1751
STARLINK-1068           
1 44772U 19074BM  20154.91668981  .00017058  00000-0  11878-2 0  9993
2 44772  52.9991 299.7996 0001083 107.1019 263.3309 15.05557177  1766
STARLINK-1073           
1 44914U 20001A   20154.91668981 -.00029361  00000-0 -20022-2 0  9996
2 44914  53.0016  79.8017 0001489  92.3372 337.4618 15.05618289  1760
STARLINK-1084           
1 44915U 20001B   20154.91668981 -.00026117  00000-0 -17785-2 0  9995
2 44915  53.0021  79.7998 0001655  81.8223 186.0239 15.05608923  1757
STARLINK-1097           
1 44916U 20001C   20154.91668981 -.00027246  00000-0 -18565-2 0  9997
2 44916  52.9997  79.8009 0001654  97.0552 116.7483 15.05608768  1753
STARLINK-1098           
1 44917U 20001D   20154.91668981 -.00025867  00000-0 -17619-2 0  9994
2 44917  53.0001  79.7968 0001390  93.0091 156.8965 15.05595390  1752
STARLINK-1099           
1 44918U 20001E   20154.91668981 -.00024611  00000-0 -16747-2 0  9992
2 44918  53.0012  79.7952 0001599  99.3156  96.5079 15.05602902  1754
STARLINK-1101           
1 44919U 20001F   20154.91668981 -.00024042  00000-0 -16353-2 0  9994
2 44919  52.9995  79.7995 0001573 108.7534  15.1111 15.05605310  1757
STARLINK-1102           
1 44920U 20001G   20154.91668981 -.00024968  00000-0 -16996-2 0  9996
2 44920  52.9997  79.7991 0001591  83.0402  22.7800 15.05598467  1760
STARLINK-1103           
1 44921U 20001H   20154.91668981 -.00023871  00000-0 -16235-2 0  9995
2 44921  53.0001  79.7982 0001663  97.0240  44.8541 15.05605884  1752
STARLINK-1104           
1 44922U 20001J   20154.91668981 -.00023356  00000-0 -15883-2 0  9992
2 44922  53.0016  79.7973 0001615  86.7853  91.0495 15.05597158  1757
STARLINK-1106           
1 44923U 20001K   20154.91668981 -.00027859  00000-0 -18982-2 0  9998
2 44923  52.9994  79.8008 0001546  94.8021 299.0499 15.05622205  1768
STARLINK-1111           
1 44924U 20001L   20154.91668981 -.00036394  00000-0 -24908-2 0  9998
2 44924  52.9993  79.8007 0001651  93.1814 354.7424 15.05589212  1763
STARLINK-1112           
1 44925U 20001M   20154.91668981 -.00023274  00000-0 -15822-2 0  9997
2 44925  53.0007  79.7986 0001476  87.9912 287.9173 15.05608357  1762
STARLINK-1113           
1 44926U 20001N   20154.91668981 -.00026626  00000-0 -18147-2 0  9995
2 44926  53.0023  79.7890 0001316  95.2614 244.6235 15.05587558  1756
STARLINK-1114           
1 44927U 20001P   20154.91668981 -.00027085  00000-0 -18453-2 0  9996
2 44927  53.0009  79.7955 0001754  91.3532 212.5460 15.05610426  1750
STARLINK-1119           
1 44928U 20001Q   20154.91668981 -.00027347  00000-0 -18630-2 0  9995
2 44928  53.0014  79.7988 0001662  91.9798 229.8607 15.05617356  1754
STARLINK-1121           
1 44929U 20001R   20154.91668981 -.00025947  00000-0 -17670-2 0  9993
2 44929  53.0005  79.8010 0001592  85.9021 325.9512 15.05603231  1767
STARLINK-1123           
1 44930U 20001S   20154.91668981 -.00026450  00000-0 -18026-2 0  9991
2 44930  53.0013  79.7958 0001636  84.8959 146.9436 15.05585843  1758
STARLINK-1128           
1 44931U 20001T   20154.91668981 -.00012750  00000-0 -85743-3 0  9991
2 44931  53.0020  79.7875 0001378  95.7975 262.0582 15.05581448  1756
STARLINK-1130 (DARKSAT) 
1 44932U 20001U   20154.91668981 -.00021359  00000-0 -14505-2 0  9994
2 44932  53.0006  79.7965 0001653  83.4171 202.4001 15.05595521  1750
STARLINK-1144           
1 44933U 20001V   20154.91668981 -.00023459  00000-0 -15956-2 0  9999
2 44933  53.0004  79.8020 0001503  89.8819  69.9076 15.05593728  1750
STARLINK-1071           
1 44934U 20001W   20154.91668981 -.00028500  00000-0 -19429-2 0  9991
2 44934  53.0005  59.8011 0001898  79.1140 334.8842 15.05613189  1766
STARLINK-1072           
1 44935U 20001X   20154.91668981 -.00029005  00000-0 -19790-2 0  9994
2 44935  53.0011  59.7987 0001528  84.0603 131.8718 15.05592078  1753
STARLINK-1078           
1 44936U 20001Y   20154.91668981 -.00032882  00000-0 -22468-2 0  9998
2 44936  53.0022  59.7972 0001518  84.3994   5.5604 15.05600955  1761
STARLINK-1079           
1 44937U 20001Z   20154.91668981 -.00029744  00000-0 -20290-2 0  9993
2 44937  53.0027  59.7954 0001566  87.8334  92.1909 15.05612473  1753
STARLINK-1082           
1 44938U 20001AA  20154.91668981 -.00018313  00000-0 -12409-2 0  9997
2 44938  52.9988  59.8041 0001328  87.2498 236.7616 15.05581690  1754
STARLINK-1083           
1 44939U 20001AB  20154.91668981 -.00028877  00000-0 -19699-2 0  9992
2 44939  52.9906  59.8390 0001449  91.2337 196.7096 15.05596681  1756
STARLINK-1091           
1 44940U 20001AC  20154.91668981 -.00026503  00000-0 -18061-2 0  9990
2 44940  52.9868  59.8722 0001415  85.4112 148.6328 15.05589917  1751
STARLINK-1094           
1 44941U 20001AD  20154.91668981 -.00035340  00000-0 -24178-2 0  9996
2 44941  53.0017  59.7956 0001667  87.3117  38.7143 15.05588421  1756
STARLINK-1096           
1 44942U 20001AE  20154.91668981 -.00029205  00000-0 -19921-2 0  9990
2 44942  53.0004  59.7980 0001557  90.0912 107.9034 15.05604836  1759
STARLINK-1100           
1 44943U 20001AF  20154.91668981 -.00030399  00000-0 -20748-2 0  9996
2 44943  52.9957  59.8212 0001443  74.9676 231.0859 15.05603706  1755
STARLINK-1108           
1 44944U 20001AG  20154.91668981 -.00032404  00000-0 -22129-2 0  9991
2 44944  53.0002  59.8012 0001610  87.5289 344.4649 15.05613659  1768
STARLINK-1109           
1 44945U 20001AH  20154.91668981 -.00028581  00000-0 -19491-2 0  9991
2 44945  52.9883  59.8627 0001677  96.2130 155.7189 15.05601995  1752
STARLINK-1110           
1 44946U 20001AJ  20154.84285982  .00001228  00000-0  10325-3 0  9995
2 44946  53.0046  60.1252 0002030  77.2584 282.8631 15.05652241 22747
STARLINK-1116           
1 44947U 20001AK  20154.91668981 -.00027149  00000-0 -18494-2 0  9994
2 44947  53.0009  59.7981 0001443  78.5665  83.3719 15.05617292 22750
STARLINK-1122           
1 44949U 20001AM  20154.91668981 -.00033858  00000-0 -23132-2 0  9995
2 44949  53.0005  59.7983 0001359  99.7356 260.2056 15.05619347 22740
STARLINK-1125           
1 44950U 20001AN  20154.91668981 -.00027295  00000-0 -18594-2 0  9991
2 44950  52.9897  59.8455 0001655  85.7813 184.2281 15.05618181  1754
STARLINK-1126           
1 44951U 20001AP  20154.91668981 -.00022754  00000-0 -15458-2 0  9993
2 44951  53.0027  59.8015 0001941  90.4027 252.4539 15.05619519  1752
STARLINK-1117           
1 44952U 20001AQ  20154.91668981 -.00019416  00000-0 -13157-2 0  9999
2 44952  53.0001  59.8016 0001333  85.3917  22.5426 15.05617402  1763
STARLINK-1124           
1 44953U 20001AR  20154.91668981 -.00031494  00000-0 -21497-2 0  9996
2 44953  52.9995  59.8021 0001583  88.4681 289.5373 15.05617382  1762
STARLINK-1066           
1 44954U 20001AS  20154.91668981 -.00010499  00000-0 -70245-3 0  9995
2 44954  53.0016  39.7955 0002165  88.0568 148.0685 15.05576809  1751
STARLINK-1069           
1 44955U 20001AT  20154.91668981 -.00022059  00000-0 -14989-2 0  9993
2 44955  53.0010  39.7931 0001832  81.8196 100.3186 15.05594172  1758
STARLINK-1070           
1 44956U 20001AU  20154.91668981 -.00022021  00000-0 -14969-2 0  9991
2 44956  52.9990  39.8012 0001671  75.8555 124.3036 15.05578129  1752
STARLINK-1074           
1 44957U 20001AV  20154.91668981 -.00020760  00000-0 -14088-2 0  9992
2 44957  52.9994  39.8031 0002062  84.8439 331.2916 15.05603605  1769
STARLINK-1075           
1 44958U 20001AW  20154.91668981 -.00027879  00000-0 -19004-2 0  9994
2 44958  53.0006  39.8041 0001938  80.2273  11.8600 15.05604508  1768
STARLINK-1076           
1 44959U 20001AX  20154.91668981 -.00027295  00000-0 -18614-2 0  9993
2 44959  52.9934  39.8424 0001882  81.4157 262.7296 15.05577911  1758
STARLINK-1077           
1 44960U 20001AY  20154.91668981 -.00027407  00000-0 -18690-2 0  9994
2 44960  53.0012  39.8044 0001510  77.0814  33.0238 15.05582021  1760
STARLINK-1080           
1 44961U 20001AZ  20154.91668981 -.00025148  00000-0 -17131-2 0  9994
2 44961  53.0045  39.7709 0001812  82.2411 225.9540 15.05574389 23030
STARLINK-1081           
1 44962U 20001BA  20154.91668981 -.00017215  00000-0 -11640-2 0  9990
2 44962  52.9995  39.7999 0002002  84.9808 133.0896 15.05615100 23035
STARLINK-1085           
1 44963U 20001BB  20154.91668981 -.00023675  00000-0 -16103-2 0  9997
2 44963  53.0026  39.7959 0001699  73.9214  90.1682 15.05598758  1759
STARLINK-1086           
1 44964U 20001BC  20154.91668981 -.00023318  00000-0 -15859-2 0  9999
2 44964  52.9999  39.8040 0001947  85.2864  60.8001 15.05591533  1755
STARLINK-1088           
1 44966U 20001BE  20154.91668981 -.00028294  00000-0 -19288-2 0  9999
2 44966  52.9987  39.8045 0002091  82.6898 297.4637 15.05609946  1760
STARLINK-1089           
1 44967U 20001BF  20154.91668981 -.00022419  00000-0 -15239-2 0  9995
2 44967  53.0001  39.7940 0002198  93.8524 178.2223 15.05588494  1751
STARLINK-1090           
1 44968U 20001BG  20154.91668981 -.00023916  00000-0 -16274-2 0  9999
2 44968  53.0023  39.7919 0001831  51.1265 238.9815 15.05587932  1751
STARLINK-1092           
1 44969U 20001BH  20154.91668981 -.00022030  00000-0 -14961-2 0  9997
2 44969  52.9843  39.8744 0001760  75.1021 251.0443 15.05613139  1756
STARLINK-1093           
1 44970U 20001BJ  20154.91668981 -.00024901  00000-0 -16956-2 0  9994
2 44970  52.9997  39.8033 0001884  79.1233 355.0164 15.05583267  1769
STARLINK-1095           
1 44971U 20001BK  20154.91668981 -.00016683  00000-0 -11285-2 0  9993
2 44971  53.0004  39.8040 0002125  87.0615  41.0788 15.05579190  1753
STARLINK-1107           
1 44972U 20001BL  20154.91668981 -.00017775  00000-0 -12040-2 0  9997
2 44972  53.0013  39.7916 0001749  79.7923 174.3637 15.05574336  1756
STARLINK-1115           
1 44973U 20001BM  20154.91668981 -.00027297  00000-0 -18607-2 0  9993
2 44973  52.9968  39.8260 0001647  81.5194 280.5997 15.05595349  1762
STARLINK-1132           
1 45044U 20006A   20154.91668981  .00007960  00000-0  56486-3 0  9999
2 45044  52.9994 359.7993 0001896  85.8812 136.5511 15.05582148  1752
STARLINK-1120           
1 45045U 20006B   20154.91668981 -.00010318  00000-0 -68969-3 0  9992
2 45045  52.9996  19.8035 0001784  90.8851 129.4457 15.05595004  1756
STARLINK-1129           
1 45046U 20006C   20154.91668981  .00002286  00000-0  17606-3 0  9998
2 45046  52.9994  19.8103 0001632  82.9382  83.3065 15.05563780  1753
STARLINK-1131           
1 45047U 20006D   20154.91668981  .00002620  00000-0  19892-3 0  9990
2 45047  52.9996  19.8019 0001523  96.0950 106.1622 15.05577080  1759
STARLINK-1134           
1 45048U 20006E   20154.91668981 -.00013608  00000-0 -91615-3 0  9994
2 45048  52.9983  19.8007 0001639  90.4598  57.8709 15.05596273  1750
STARLINK-1135           
1 45049U 20006F   20154.91668981 -.00012330  00000-0 -82794-3 0  9994
2 45049  53.0006  19.8020 0001470  88.5764  41.6288 15.05604955  1750
STARLINK-1140           
1 45050U 20006G   20154.91668981 -.00012983  00000-0 -87324-3 0  9994
2 45050  52.9994  19.8043 0001515  80.1473  14.1324 15.05590231  1764
STARLINK-1141           
1 45051U 20006H   20154.91668981 -.00015368  00000-0 -10374-2 0  9995
2 45051  52.9997  19.8023 0001783  86.0759  26.1693 15.05594833  1758
STARLINK-1148           
1 45052U 20006J   20154.91668981 -.00013031  00000-0 -87677-3 0  9992
2 45052  53.0003  19.8070 0001605  90.8919 327.3427 15.05580032  1763
STARLINK-1155           
1 45053U 20006K   20154.91668981 -.00011923  00000-0 -80042-3 0  9990
2 45053  53.0010  19.8029 0001449  85.3279 224.9443 15.05584168  1753
STARLINK-1156           
1 45054U 20006L   20154.91668981 -.00011431  00000-0 -76685-3 0  9993
2 45054  53.0008  19.8020 0001515  93.7079 342.6268 15.05567272  1768
STARLINK-1157           
1 45055U 20006M   20154.91668981  .01791346  00000-0  20305-1 0  9999
2 45055  52.9987  10.4000 0002599 142.8323 354.6932 15.58731340 19564
STARLINK-1158           
1 45056U 20006N   20154.91668981 -.00013700  00000-0 -92226-3 0  9995
2 45056  52.9979  19.8161 0001605  73.3221 326.9631 15.05603591  1768
STARLINK-1159           
1 45057U 20006P   20154.91668981 -.00014340  00000-0 -96653-3 0  9995
2 45057  53.0000  19.8005 0001549  84.8344 261.4335 15.05597337  1756
STARLINK-1162           
1 45058U 20006Q   20154.91668981 -.00010762  00000-0 -72027-3 0  9999
2 45058  53.0003  19.7993 0001548  98.6568 283.5349 15.05593623  1760
STARLINK-1165           
1 45059U 20006R   20154.91668981 -.00004833  00000-0 -31268-3 0  9994
2 45059  52.9993  19.7987 0001516  90.9983 183.2227 15.05584472  1753
STARLINK-1166           
1 45060U 20006S   20154.91668981 -.00010999  00000-0 -73682-3 0  9992
2 45060  53.0008  19.8031 0001391  95.0632 197.1934 15.05583001  1759
STARLINK-1169           
1 45061U 20006T   20154.91668981 -.00004712  00000-0 -30442-3 0  9996
2 45061  52.9989  19.7999 0001450  98.0373 158.1785 15.05579427  1757
STARLINK-1171           
1 45062U 20006U   20154.91668981 -.00014020  00000-0 -94509-3 0  9994
2 45062  52.9999  19.8034 0001573  87.3577 240.9135 15.05573511  1750
STARLINK-1178           
1 45063U 20006V   20154.91668981  .00000708  00000-0  67739-4 0  9997
2 45063  52.9987  19.8010 0001481  88.7277 149.5496 15.05607262  1757
STARLINK-1133           
1 45064U 20006W   20154.91668981  .00007705  00000-0  54750-3 0  9990
2 45064  53.0018 359.7986 0001450  82.6070 247.7352 15.05571905  1759
STARLINK-1139           
1 45065U 20006X   20154.91668981  .00007863  00000-0  55809-3 0  9992
2 45065  53.0013 359.7968 0001838  81.3336 231.1080 15.05588268  1751
STARLINK-1145           
1 45066U 20006Y   20154.91668981  .00008402  00000-0  59469-3 0  9999
2 45066  52.9996 359.8056 0002201  91.4308 346.9076 15.05605677  1760
STARLINK-1150           
1 45067U 20006Z   20154.91668981  .00007410  00000-0  52707-3 0  9996
2 45067  53.0104 359.7488 0002407  88.7746 277.6378 15.05589105  1767
STARLINK-1161           
1 45068U 20006AA  20154.91668981  .00008508  00000-0  60245-3 0  9992
2 45068  52.9957 359.8179 0001821  89.6481 330.6663 15.05574475  1766
STARLINK-1163           
1 45069U 20006AB  20154.91668981  .00005838  00000-0  41946-3 0  9993
2 45069  52.9993 359.8013 0002162  83.2656  31.1461 15.05583531  1769
STARLINK-1164           
1 45070U 20006AC  20154.91668981  .00019633  00000-0  13637-2 0  9998
2 45070  52.9994 359.8018 0002067  96.5053  53.8852 15.05556822  1756
STARLINK-1167           
1 45071U 20006AD  20154.91668981  .00007612  00000-0  54113-3 0  9998
2 45071  53.0002 359.8023 0001736  89.3316  97.0686 15.05570747  1756
STARLINK-1168           
1 45072U 20006AE  20154.91668981  .00026561  00000-0  18364-2 0  9990
2 45072  52.9990 359.8008 0001442  83.1952  85.1994 15.05555776  1751
STARLINK-1170           
1 45073U 20006AF  20154.91668981  .00006941  00000-0  49498-3 0  9994
2 45073  52.9986 359.8033 0001974  84.4956 299.9300 15.05587291  1767
STARLINK-1172           
1 45074U 20006AG  20154.91668981  .00008698  00000-0  61515-3 0  9990
2 45074  52.9968 359.8107 0001625  77.9769  18.4587 15.05592841  1760
STARLINK-1174           
1 45075U 20006AH  20154.91668981  .00008040  00000-0  57055-3 0  9996
2 45075  53.0010 359.7963 0001591  75.5731 218.8023 15.05568120  1758
STARLINK-1180           
1 45076U 20006AJ  20154.91668981  .00009399  00000-0  66373-3 0  9998
2 45076  52.9996 359.7968 0001695  86.1035 172.2726 15.05560896  1750
STARLINK-1182           
1 45077U 20006AK  20154.91668981  .00007455  00000-0  53012-3 0  9996
2 45077  52.9980 359.8009 0001990  87.1721  45.2092 15.05593138  1752
STARLINK-1177           
1 45078U 20006AL  20154.91668981  .00007612  00000-0  54095-3 0  9994
2 45078  53.0008 359.8010 0002029  83.5964 120.7994 15.05585610  1757
STARLINK-1149           
1 45079U 20006AM  20154.91668981  .00008106  00000-0  57505-3 0  9993
2 45079  52.9810 359.9020 0001570  88.8300 187.6034 15.05565483  1754
STARLINK-1153           
1 45080U 20006AN  20154.91668981  .00010064  00000-0  70903-3 0  9998
2 45080  53.0002 359.7945 0001896  95.8722 144.4974 15.05573565  1790
STARLINK-1151           
1 45081U 20006AP  20154.91668981  .00007576  00000-0  53855-3 0  9990
2 45081  53.0019 359.7890 0001608  86.8619 261.4621 15.05583278  1784
STARLINK-1160           
1 45082U 20006AQ  20154.91668981  .00008079  00000-0  57309-3 0  9998
2 45082  52.9918 359.8375 0001720  83.7042 318.7253 15.05573944  1765
STARLINK-1190           
1 45083U 20006AR  20154.91668981 -.00011552  00000-0 -77430-3 0  9998
2 45083  52.9990  19.8028 0001511  95.1228  89.0588 15.05610339  1753
STARLINK-1173           
1 45084U 20006AS  20154.91668981  .00611104  00000-0  29247-1 0  9997
2 45084  52.9978 339.9425 0002468 141.3797  13.1565 15.16399304 20105
STARLINK-1179           
1 45085U 20006AT  20154.91668981  .01894775  00000-0  93649-1 0  9993
2 45085  52.9983 339.8998 0001482 192.3551  12.3976 15.13873415 19994
STARLINK-1181           
1 45086U 20006AU  20154.91668981  .03573344  00000-0  12126+0 0  9991
2 45086  52.9983 340.4237 0002386 319.9696 295.3704 15.25663245 19982
STARLINK-1185           
1 45087U 20006AV  20154.91668981  .04384481  00000-0  14321+0 0  9994
2 45087  52.9983 340.4518 0003283   7.9377 313.8014 15.26754038 20087
STARLINK-1183           
1 45088U 20006AW  20154.91668981  .03605503  00000-0  12575+0 0  9994
2 45088  52.9977 340.4275 0002139 308.6038 295.5588 15.25384105 19639
STARLINK-1136           
1 45089U 20006AX  20154.91668981  .00623751  00000-0  30189-1 0  9990
2 45089  52.9954 339.9415 0003015 111.9977 358.6482 15.15958442 19640
STARLINK-1176           
1 45090U 20006AY  20154.91668981  .01475135  00000-0  72387-1 0  9990
2 45090  52.9999 339.9113 0001551 242.9067 351.5441 15.14436160 19648
STARLINK-1127           
1 45091U 20006AZ  20154.91668981  .01340187  00000-0  48283-1 0  9997
2 45091  52.9968 340.4691 0001476 167.0455  11.3141 15.24922978 19980
STARLINK-1137           
1 45092U 20006BA  20154.91668981  .00971822  00000-0  35880-1 0  9992
2 45092  52.9962 340.5147 0001928 152.2608   3.2502 15.24582137 19980
STARLINK-1142           
1 45093U 20006BB  20154.91668981  .01210159  00000-0  44211-1 0  9991
2 45093  52.9961 340.5061 0002493 171.0550 355.9361 15.24774992 19980
STARLINK-1146           
1 45094U 20006BC  20154.91668981  .03779876  00000-0  12311+0 0  9994
2 45094  52.9995 340.4043 0003346  22.4451 330.4232 15.27487348 19999
STARLINK-1147           
1 45095U 20006BD  20154.91668981  .10775898  00000-0  37353+0 0  9996
2 45095  52.9982 340.4688 0003959 343.5577 359.1635 15.26734321 19986
STARLINK-1152           
1 45096U 20006BE  20154.91668981  .00507809  00000-0  19414-1 0  9991
2 45096  52.9971 340.5392 0002807 128.0347   3.9486 15.24185585 19988
STARLINK-1175           
1 45097U 20006BF  20154.91668981  .04046483  00000-0  12099-1 0  9994
2 45097  52.9974 329.7497 0001710 162.6984 323.7937 15.88262500 20248
STARLINK-1184           
1 45098U 20006BG  20154.91668981  .02071178  00000-0  73443-1 0  9992
2 45098  52.9944 340.4564 0001398 204.6490 344.9276 15.25075296 18188
STARLINK-1186           
1 45099U 20006BH  20154.91668981  .04229795  00000-0  13970+0 0  9992
2 45099  52.9983 340.4828 0003105 357.8042 313.2939 15.26546339 19994
STARLINK-1193           
1 45100U 20006BJ  20154.91668981  .02212141  00000-0  78745-1 0  9993
2 45100  52.9976 340.4518 0001506 222.4293 338.2936 15.25281948 19987
STARLINK-1194           
1 45101U 20006BK  20154.91668981  .02571381  00000-0  89641-1 0  9995
2 45101  52.9964 340.4868 0001522 253.1479 318.8002 15.25446550 19988
STARLINK-1195           
1 45102U 20006BL  20154.91668981  .00852145  00000-0  31910-1 0  9990
2 45102  52.9970 340.5295 0002544 139.8079   4.0096 15.24452091 19985
STARLINK-1196           
1 45103U 20006BM  20154.91668981  .04227830  00000-0  14146+0 0  9992
2 45103  52.9968 340.4653 0002978 347.7400 301.3577 15.26113732 19984
STARLINK-1138           
1 45178U 20012A   20154.91668981  .00031658  00000-0  21825-2 0  9993
2 45178  52.9996 139.8010 0001569  94.8439 256.6029 15.05574976  1759
STARLINK-1143           
1 45179U 20012B   20154.91668981  .00038009  00000-0  26140-2 0  9996
2 45179  52.9935 139.8283 0001427  88.2107 245.3063 15.05576239  1754
STARLINK-1192           
1 45180U 20012C   20154.91668981  .00031728  00000-0  21876-2 0  9990
2 45180  52.9986 139.7978 0001332  91.8318 295.5720 15.05569276  1762
STARLINK-1200           
1 45181U 20012D   20154.91668981  .00032126  00000-0  22140-2 0  9999
2 45181  52.9991 139.7991 0001348  89.1794 316.3199 15.05579599  1760
STARLINK-1201           
1 45182U 20012E   20154.91668981  .00019527  00000-0  13560-2 0  9996
2 45182  53.0058 119.7654 0001727  76.0401 223.4977 15.05569042  1755
STARLINK-1202           
1 45183U 20012F   20154.91668981  .00024092  00000-0  16670-2 0  9995
2 45183  53.0000 139.7977 0001052  77.6036 147.8900 15.05580735  1796
STARLINK-1205           
1 45184U 20012G   20154.91668981  .00007005  00000-0  49934-3 0  9991
2 45184  53.0013 119.7903 0001565  74.1644 189.4288 15.05589006  1795
STARLINK-1216           
1 45185U 20012H   20154.91668981  .00025978  00000-0  17955-2 0  9998
2 45185  52.9985 139.7950 0001348  90.0147 171.5224 15.05580009  1796
STARLINK-1224           
1 45186U 20012J   20154.91668981  .00026411  00000-0  18247-2 0  9997
2 45186  52.9989 139.8014 0001584  95.3584  76.1387 15.05586033  1791
STARLINK-1225           
1 45187U 20012K   20154.91668981  .00027812  00000-0  19209-2 0  9993
2 45187  52.9992 139.7982 0001141  95.4364  57.9550 15.05571179  1799
STARLINK-1228           
1 45188U 20012L   20154.91668981  .04188135  00000-0  95209-1 0  9997
2 45188  53.0004 102.3340 0001864 231.0521 348.6256 15.38584878 17005
STARLINK-1230           
1 45189U 20012M   20154.91668981  .00030401  00000-0  20963-2 0  9992
2 45189  52.9988 139.8008 0001430  81.6887  53.7914 15.05586698  1794
STARLINK-1234           
1 45190U 20012N   20154.91668981  .03874953  00000-0  69856-1 0  9998
2 45190  53.0008 102.4457 0002704 177.7802 342.9908 15.45256734 17011
STARLINK-1236           
1 45191U 20012P   20154.91668981  .00032017  00000-0  22065-2 0  9995
2 45191  52.9997 139.7976 0001283  97.3644   2.1093 15.05581246  1791
STARLINK-1237           
1 45192U 20012Q   20154.91668981  .00068566  00000-0  46806-2 0  9993
2 45192  52.9993 139.7991 0001199 104.0993 139.3009 15.05571166 16532
STARLINK-1239           
1 45193U 20012R   20154.91668981  .00072235  00000-0  49263-2 0  9992
2 45193  53.0014 139.7934 0001448  94.5658 202.8082 15.05579735 16531
STARLINK-1240           
1 45194U 20012S   20154.91668981  .00034669  00000-0  23874-2 0  9992
2 45194  52.9997 139.7968 0001357 105.5588 173.9256 15.05572043  1755
STARLINK-1241           
1 45195U 20012T   20154.91668981  .00030145  00000-0  20796-2 0  9998
2 45195  53.0013 139.7861 0001474  86.0437 229.3394 15.05573204  1754
STARLINK-1244           
1 45196U 20012U   20154.91668981  .00031987  00000-0  22051-2 0  9990
2 45196  52.9979 139.8022 0001384  96.3130 273.1374 15.05571034  1763
STARLINK-1269           
1 45197U 20012V   20154.91668981  .00035364  00000-0  24339-2 0  9995
2 45197  52.9994 139.7974 0001479  85.2376 338.2018 15.05583401  1769
STARLINK-1154           
1 45198U 20012W   20154.91668981  .00072074  00000-0  49129-2 0  9999
2 45198  52.9988 119.7937 0001493  74.2432  63.2465 15.05599384 16806
STARLINK-1197           
1 45199U 20012X   20154.91668981  .00016898  00000-0  11763-2 0  9995
2 45199  52.9994 119.7963 0001679  73.2188  46.3249 15.05573742  1767
STARLINK-1198           
1 45200U 20012Y   20154.91668981  .00016832  00000-0  11713-2 0  9991
2 45200  52.9975 119.8026 0001780  74.6518  26.9737 15.05589379  1764
STARLINK-1199           
1 45201U 20012Z   20154.91668981  .00069808  00000-0  47610-2 0  9998
2 45201  52.9999 119.8042 0001459  71.1316  12.3673 15.05595770 16801
STARLINK-1203           
1 45202U 20012AA  20154.91668981  .00082926  00000-0  61536-2 0  9998
2 45202  52.9974 139.7182 0001756  87.8665 161.5777 15.02333046  1799
STARLINK-1204           
1 45203U 20012AB  20154.91668981  .00014541  00000-0  10147-2 0  9999
2 45203  52.9985 119.8125 0001779  81.3579 254.3057 15.05594085  1782
STARLINK-1206           
1 45204U 20012AC  20154.91668981  .00008422  00000-0  59629-3 0  9990
2 45204  53.0034 119.7849 0001563  74.3560 207.1923 15.05591163  1798
STARLINK-1208           
1 45205U 20012AD  20154.91668981  .00007183  00000-0  51152-3 0  9997
2 45205  53.0004 119.7914 0001631  77.1934  96.4327 15.05589408  1797
STARLINK-1209           
1 45206U 20012AE  20154.91668981  .03943240  00000-0  62302-1 0  9991
2 45206  52.9990 101.7405 0002580 179.7191 340.1159 15.49031559 17048
STARLINK-1210           
1 45207U 20012AF  20154.91668981  .00069092  00000-0  47131-2 0  9997
2 45207  52.9996 119.8030 0001544  69.8670 355.6624 15.05593691 16802
STARLINK-1211           
1 45208U 20012AG  20154.91668981  .00016384  00000-0  11404-2 0  9998
2 45208  52.9983 119.7996 0001481  75.3358 314.2608 15.05599609  1794
STARLINK-1218           
1 45209U 20012AH  20154.91668981  .00010136  00000-0  71342-3 0  9996
2 45209  53.0011 119.7903 0001525  70.4537 175.1193 15.05601747  1791
STARLINK-1219           
1 45210U 20012AJ  20154.91668981  .00016424  00000-0  11432-2 0  9997
2 45210  52.9992 119.8013 0001852  68.2918 339.3635 15.05598853  1768
STARLINK-1231           
1 45212U 20012AL  20154.91668981  .00061802  00000-0  42233-2 0  9992
2 45212  53.0014 119.7915 0001672  77.1567 132.3680 15.05583938  1754
STARLINK-1232           
1 45213U 20012AM  20154.91668981  .00018091  00000-0  12568-2 0  9993
2 45213  53.0021 119.7913 0001599  70.5251 121.0653 15.05603157  1757
STARLINK-1233           
1 45214U 20012AN  20154.91668981  .00017805  00000-0  12387-2 0  9995
2 45214  52.9969 119.8096 0001607  80.0426 273.5338 15.05561437  1757
STARLINK-1245           
1 45215U 20012AP  20154.91668981  .00020170  00000-0  13989-2 0  9994
2 45215  52.9985 119.7990 0001547  69.9047 301.7296 15.05596611  1766
STARLINK-1254           
1 45216U 20012AQ  20154.91668981  .00011961  00000-0  83871-3 0  9991
2 45216  53.0003 119.7904 0001658  67.5802 159.9362 15.05579136  1750
STARLINK-1271           
1 45217U 20012AR  20154.91668981  .00018045  00000-0  12536-2 0  9991
2 45217  53.0009 119.7922 0001706  74.3236  81.2439 15.05605249  1755
STARLINK-1105           
1 45218U 20012AS  20154.91668981  .00003407  00000-0  43023-4 0  9995
2 45218  52.9975 105.7337 0005832 129.6378 246.5762 15.62773156  1780
STARLINK-1187           
1 45219U 20012AT  20154.91668981  .00654642  00000-0  72891-2 0  9992
2 45219  52.9987 104.3537 0004015  19.7183 311.9260 15.60152406 17016
STARLINK-1188           
1 45220U 20012AU  20154.91668981  .00004704  00000-0  57219-4 0  9991
2 45220  52.9973 105.8094 0001793  14.0377 326.5517 15.62736677  1807
STARLINK-1189           
1 45221U 20012AV  20154.91668981  .00004416  00000-0  54000-4 0  9997
2 45221  52.9974 105.8010 0001567  36.7716 307.2363 15.62771893  1808
STARLINK-1191           
1 45222U 20012AW  20154.91668981 -.00015415  00000-0 -16278-3 0  9995
2 45222  52.9987 105.8229 0004862 118.7525 212.7799 15.62737597 17000
STARLINK-1212           
1 45223U 20012AX  20154.91668981  .00003199  00000-0  40722-4 0  9992
2 45223  52.9998 105.7343 0003575 112.7449 265.2912 15.62793535  1814
STARLINK-1214           
1 45224U 20012AY  20154.91668981 -.00007612  00000-0 -77292-4 0  9991
2 45224  52.9969 105.8443 0004188 124.2935 196.9990 15.62752505  1777
STARLINK-1215           
1 45225U 20012AZ  20154.91668981  .00003525  00000-0  44360-4 0  9999
2 45225  52.9972 105.7619 0001474  25.0638 339.2862 15.62728027  1782
STARLINK-1217           
1 45226U 20012BA  20154.91668981  .00004371  00000-0  53527-4 0  9995
2 45226  52.9974 105.7717 0002094  50.2533 307.3021 15.62763866  1779
STARLINK-1221           
1 45227U 20012BB  20154.91668981  .00007178  00000-0  84001-4 0  9995
2 45227  52.9973 105.8342 0005651  84.5715 243.4017 15.62802795  1778
STARLINK-1222           
1 45228U 20012BC  20154.91668981 -.00015188  00000-0 -16026-3 0  9999
2 45228  52.9995 105.8408 0004705 109.9330 214.8492 15.62742835 17000
STARLINK-1226           
1 45229U 20012BD  20154.91668981  .00003384  00000-0  42733-4 0  9998
2 45229  52.9972 105.7568 0002547  62.7914 305.0057 15.62785875  1787
STARLINK-1227           
1 45230U 20012BE  20154.91668981  .00004007  00000-0  49551-4 0  9998
2 45230  52.9973 105.7474 0004934 132.5267 238.6041 15.62778340  1788
STARLINK-1229           
1 45231U 20012BF  20154.91668981  .00001527  00000-0  22497-4 0  9993
2 45231  52.9975 105.7832 0002293  29.0471 325.1074 15.62788978  1777
STARLINK-1235           
1 45232U 20012BG  20154.91668981  .03681408  00000-0  52579-1 0  9990
2 45232  52.9978 103.0609 0001476 305.1599 314.3481 15.52157912 17029
STARLINK-1238           
1 45233U 20012BH  20154.91668981  .00074276  00000-0  50619-2 0  9991
2 45233  52.9897 119.8510 0001463  89.5025 228.0178 15.05591024 16802
STARLINK-1243           
1 45234U 20012BJ  20154.91668981  .00032960  00000-0  22713-2 0  9990
2 45234  52.9988 139.8002 0001288  91.3223  26.0499 15.05569991  1756
STARLINK-1246           
1 45235U 20012BK  20154.91668981  .00029906  00000-0  20623-2 0  9995
2 45235  52.9985 139.7986 0001368  84.3722 105.0968 15.05592376  1751
STARLINK-1247           
1 45236U 20012BL  20154.91668981 -.00010936  00000-0 -11380-3 0  9992
2 45236  52.9978 105.7433 0001657  29.9498 342.9452 15.62739932 17009
STARLINK-1270           
1 45237U 20012BM  20154.91668981  .00001608  00000-0  23403-4 0  9997
2 45237  52.9990 105.7885 0002182   9.7881 340.9057 15.62751228  1779
STARLINK-1279           
1 45360U 20019A   20154.91668981 -.00019988  00000-0 -21273-3 0  9995
2 45360  52.9984 238.7902 0001527  47.9291 343.8443 15.62782448  1811
STARLINK-1301           
1 45361U 20019B   20154.91668981  .03152432  00000-0  94970-1 0  9991
2 45361  52.9979 240.5932 0002461 352.2297 292.8479 15.30122820 12615
STARLINK-1306           
1 45362U 20019C   20154.91668981 -.00033490  00000-0 -24966-2 0  9992
2 45362  53.0014 258.9054 0001285  87.2146 334.6581 15.02356591 12372
STARLINK-1311           
1 45363U 20019D   20154.74678484  .00074819  00000-0  58240-3 0  9994
2 45363  52.9972 239.2378 0007197 352.8272   7.2640 15.71057864 12628
STARLINK-1313           
1 45364U 20019E   20154.91668981 -.00019164  00000-0 -20372-3 0  9994
2 45364  52.9983 238.7746 0001161 356.4158  38.8214 15.62781786 12648
STARLINK-1317           
1 45365U 20019F   20154.91668981  .01737752  00000-0  58900-1 0  9990
2 45365  52.9995 240.6757 0002792 132.4782 359.2678 15.27169313 12610
STARLINK-1262           
1 45366U 20019G   20154.91668981 -.00034898  00000-0 -23856-2 0  9996
2 45366  52.9995 259.8015 0001096 119.9551 236.6708 15.05613345  1783
STARLINK-1273           
1 45367U 20019H   20154.91668981 -.00040751  00000-0 -27933-2 0  9992
2 45367  52.9992 259.8016 0001199 114.4347 134.2750 15.05586602 12359
STARLINK-1276           
1 45368U 20019J   20154.91668981 -.00033976  00000-0 -23213-2 0  9991
2 45368  53.0011 259.7932 0001200 100.7233 291.9079 15.05621080  1796
STARLINK-1277           
1 45369U 20019K   20154.91668981 -.00033253  00000-0 -22708-2 0  9998
2 45369  53.0007 259.7946 0001181  98.2532 312.3535 15.05628864  1790
STARLINK-1281           
1 45370U 20019L   20154.91668981 -.00031337  00000-0 -21409-2 0  9998
2 45370  52.9947 259.8313 0001006  95.2903   9.3628 15.05583833  1799
STARLINK-1287           
1 45371U 20019M   20154.91668981 -.00035614  00000-0 -24365-2 0  9995
2 45371  52.9997 259.8028 0001247  86.5251 216.0279 15.05593496  1799
STARLINK-1288           
1 45372U 20019N   20154.91668981 -.00034284  00000-0 -23439-2 0  9999
2 45372  52.9979 259.7993 0001141 102.2306 128.3622 15.05600848  1797
STARLINK-1295           
1 45373U 20019P   20154.91668981 -.00035592  00000-0 -24340-2 0  9995
2 45373  52.9987 259.7994 0001201  84.8697 235.7934 15.05608105  1785
STARLINK-1300           
1 45374U 20019Q   20154.91668981 -.00035306  00000-0 -24147-2 0  9994
2 45374  53.0002 259.7993 0001312  91.9721 246.5554 15.05600853  1785
STARLINK-1302           
1 45375U 20019R   20154.91668981 -.00035283  00000-0 -24135-2 0  9996
2 45375  52.9996 259.7996 0001055  99.6329 166.9067 15.05594770 12351
STARLINK-1304           
1 45376U 20019S   20154.91668981 -.00032514  00000-0 -22227-2 0  9991
2 45376  52.9981 259.7997 0001072 106.4403  70.1567 15.05578746 12352
STARLINK-1305           
1 45377U 20019T   20154.91668981 -.00034551  00000-0 -23620-2 0  9993
2 45377  52.9991 259.8003 0001290  89.6854 284.9340 15.05606206 12365
STARLINK-1310           
1 45378U 20019U   20154.91668981 -.00031802  00000-0 -21729-2 0  9998
2 45378  53.0008 259.7913 0001049 100.3864 346.2363 15.05586962  1798
STARLINK-1319           
1 45379U 20019V   20154.91668981 -.00032506  00000-0 -22201-2 0  9997
2 45379  53.0006 259.7938 0001074 111.1911 317.4752 15.05612160 12362
STARLINK-1207           
1 45380U 20019W   20154.91668981  .03089319  00000-0  74645-1 0  9992
2 45380  53.0000 241.3037 0002256 344.6478 286.2116 15.36604904 12615
STARLINK-1258           
1 45381U 20019X   20154.91668981  .02313314  00000-0  57420-1 0  9999
2 45381  52.9977 241.2726 0001590 301.8642 298.7808 15.36254939 12603
STARLINK-1264           
1 45382U 20019Y   20154.91668981  .03374487  00000-0  81148-1 0  9993
2 45382  53.0001 241.3067 0003060   7.0520 293.5909 15.37055309 12423
STARLINK-1266           
1 45383U 20019Z   20154.91668981  .02880477  00000-0  70519-1 0  9994
2 45383  53.0004 241.2868 0002143 335.7268 285.0728 15.36474798 12607
STARLINK-1267           
1 45384U 20019AA  20154.91668981  .03378067  00000-0  81637-1 0  9996
2 45384  53.0000 241.2556 0002887   0.2194 290.5149 15.36895925  1802
STARLINK-1268           
1 45385U 20019AB  20154.91668981 -.00008752  00000-0 -84971-4 0  9994
2 45385  52.9998 240.1599 0002407 113.7698 326.3624 15.64131805  1817
STARLINK-1272           
1 45386U 20019AC  20154.91668981 -.00038909  00000-0 -95492-3 0  9991
2 45386  52.9989 241.2402 0001833 282.1897   5.9833 15.40016395  1808
STARLINK-1274           
1 45387U 20019AD  20154.74579946 -.00171543  00000-0 -43353-2 0  9995
2 45387  52.9994 242.0363 0001643 120.0803 240.0362 15.39895747 12564
STARLINK-1280           
1 45388U 20019AE  20154.91668981 -.00032635  00000-0 -26511-2 0  9998
2 45388  53.0028 257.5826 0001158  91.2313 155.1234 14.99081416  1754
STARLINK-1283           
1 45389U 20019AF  20154.91668981  .00728592  00000-0  36243-1 0  9993
2 45389  52.9957 239.9555 0003689  94.8625 353.8657 15.14605581 12631
STARLINK-1284           
1 45390U 20019AG  20154.91668981  .02462797  00000-0  61548-1 0  9995
2 45390  52.9978 241.2738 0001683 312.8826 297.8253 15.36393501 12609
STARLINK-1289           
1 45391U 20019AH  20154.91668981  .01813147  00000-0  45992-1 0  9999
2 45391  53.0001 241.3006 0001294 235.1214 334.9296 15.35861055 12337
STARLINK-1290           
1 45392U 20019AJ  20154.91668981  .03946382  00000-0  93272-1 0  9994
2 45392  53.0027 241.8025 0003808  44.8588 311.9312 15.37620457 12339
STARLINK-1291           
1 45393U 20019AK  20154.91668981  .03804139  00000-0  89786-1 0  9993
2 45393  52.9974 241.2203 0003191  14.9313 295.5845 15.37149947 12361
STARLINK-1292           
1 45394U 20019AL  20154.91668981  .00840600  00000-0  21528-1 0  9994
2 45394  52.9980 241.3029 0001463 260.1118 330.3207 15.36399809 12345
STARLINK-1297           
1 45395U 20019AM  20154.91668981 -.00035051  00000-0 -79971-3 0  9990
2 45395  53.0011 241.7801 0001322  60.5797 299.4128 15.42154906 12367
STARLINK-1303           
1 45396U 20019AN  20154.91668981  .00589370  00000-0  15536-1 0  9992
2 45396  52.9983 241.3123 0001676 202.6749 357.0560 15.35950078 12328
STARLINK-1307           
1 45397U 20019AP  20154.91668981  .03722708  00000-0  86376-1 0  9990
2 45397  53.0000 241.7382 0003935  41.7937 325.5425 15.37778015 12436
STARLINK-1312           
1 45398U 20019AQ  20154.91668981  .00582168  00000-0  15445-1 0  9991
2 45398  52.9980 241.2961 0002315 187.6205   1.8247 15.35776330 12363
STARLINK-1255           
1 45399U 20019AR  20154.91668981 -.00028887  00000-0 -31028-3 0  9994
2 45399  52.9988 240.3274 0001725 344.6061  33.5920 15.62790547  1777
STARLINK-1213           
1 45400U 20019AS  20154.91668981 -.00020845  00000-0 -22212-3 0  9998
2 45400  52.9996 240.1650 0001239  44.8684  27.6142 15.62784135  1771
STARLINK-1256           
1 45401U 20019AT  20154.91668981 -.00021913  00000-0 -23417-3 0  9994
2 45401  52.9995 240.1732 0001073  40.6232  35.1963 15.62747805  1779
STARLINK-1257           
1 45402U 20019AU  20154.91668981  .00017484  00000-0  19639-3 0  9992
2 45402  52.9981 240.1823 0001736  36.3174  42.8837 15.62749174 12430
STARLINK-1259           
1 45403U 20019AV  20154.91668981 -.00020690  00000-0 -22043-3 0  9991
2 45403  52.9994 240.1770 0001676  53.1204  12.4907 15.62781533  1771
STARLINK-1260           
1 45404U 20019AW  20154.91668981 -.00020424  00000-0 -21781-3 0  9995
2 45404  53.0001 240.2134 0001933 341.3578  70.6878 15.62745906  1777
STARLINK-1263           
1 45405U 20019AX  20154.91668981 -.00020905  00000-0 -22275-3 0  9999
2 45405  52.9995 240.1725 0001473  44.8824  24.1962 15.62787010 12346
STARLINK-1265           
1 45406U 20019AY  20154.71357290  .00009003  00000-0  10449-3 0  9990
2 45406  53.0010 241.1906 0008395 276.7147  83.2911 15.62623200 12310
STARLINK-1275           
1 45407U 20019AZ  20154.91668981 -.00020725  00000-0 -22102-3 0  9990
2 45407  52.9992 240.2287 0001863 340.2993  65.0174 15.62757590  1776
STARLINK-1278           
1 45408U 20019BA  20154.91668981 -.00034242  00000-0 -27828-2 0  9999
2 45408  53.0021 257.5509 0001275  95.2041 157.8108 14.99088783  1753
STARLINK-1282           
1 45409U 20019BB  20154.91668981 -.00020356  00000-0 -21671-3 0  9992
2 45409  52.9990 240.2348 0001861  56.8206 341.7318 15.62786998 12353
STARLINK-1285           
1 45410U 20019BC  20154.91668981 -.00020587  00000-0 -21928-3 0  9995
2 45410  53.0003 240.1909 0001324  21.8720  40.4802 15.62785155 12345
STARLINK-1293           
1 45411U 20019BD  20154.91668981 -.00025210  00000-0 -27036-3 0  9990
2 45411  52.9987 240.2805 0001092  17.9521   6.9164 15.62750433  1772
STARLINK-1296           
1 45412U 20019BE  20154.91668981 -.00020325  00000-0 -21650-3 0  9999
2 45412  52.9996 240.2067 0001128  31.0516  24.4714 15.62775582 12347
STARLINK-1298           
1 45413U 20019BF  20154.91668981 -.00021321  00000-0 -22788-3 0  9990
2 45413  52.9989 240.2619 0001263  37.3898 351.0405 15.62724260 12438
STARLINK-1309           
1 45414U 20019BG  20154.91668981 -.00020314  00000-0 -21636-3 0  9993
2 45414  52.9983 240.2297 0001414  38.1389   3.6603 15.62775779  1773
STARLINK-1316           
1 45415U 20019BH  20154.91668981 -.00020720  00000-0 -22057-3 0  9993
2 45415  52.9996 240.1624 0001015   8.8277  73.8392 15.62805632 12361
STARLINK-1318           
1 45416U 20019BJ  20154.91668981 -.00021260  00000-0 -22692-3 0  9999
2 45416  52.9998 240.2256 0001975 344.7040  63.9095 15.62752924  1814
STARLINK-1286           
1 45417U 20019BK  20154.91668981 -.00031518  00000-0 -22481-2 0  9992
2 45417  52.9968 259.2142 0001010  86.8570  54.3934 15.03983728  1794
STARLINK-1299           
1 45418U 20019BL  20154.91668981 -.00035967  00000-0 -29245-2 0  9990
2 45418  53.0019 257.3008 0001203  97.4214 272.2845 14.99092302  1763
STARLINK-1308           
1 45419U 20019BM  20154.91668981 -.00033755  00000-0 -23057-2 0  9999
2 45419  53.0263 259.6541 0001341  90.6653 121.8954 15.05626464  1790
STARLINK-1329           
1 45531U 20025A   20154.91668981  .03148172  00000-0  12785+0 0  9995
2 45531  52.9956 200.2432 0001655 172.8555  15.1009 15.20082887  1793
STARLINK-1338           
1 45532U 20025B   20154.91668981  .03474195  00000-0  12957+0 0  9994
2 45532  52.9975 200.1204 0004115  70.1471 321.5544 15.23269959  1802
STARLINK-1339           
1 45533U 20025C   20154.91668981  .02941783  00000-0  11252+0 0  9993
2 45533  53.0000 200.2660 0003042  31.9702 295.4508 15.22420585  1803
STARLINK-1341           
1 45534U 20025D   20154.91668981  .03160969  00000-0  11870+0 0  9990
2 45534  52.9991 200.1883 0003716  47.9026 305.3977 15.22767737  1805
STARLINK-1350           
1 45535U 20025E   20154.91668981  .02717931  00000-0  10698+0 0  9994
2 45535  52.9997 200.2322 0001756 350.0576 285.0589 15.21725979  1793
STARLINK-1352           
1 45536U 20025F   20154.91668981  .02687914  00000-0  10648+0 0  9997
2 45536  52.9987 200.2308 0001484 335.2376 286.5890 15.21543775  1791
STARLINK-1353           
1 45537U 20025G   20154.91668981  .02800983  00000-0  10875+0 0  9993
2 45537  53.0002 200.2507 0002482   9.8285 291.4956 15.22089567  1798
STARLINK-1362           
1 45538U 20025H   20154.91668981  .03268270  00000-0  13291+0 0  9997
2 45538  52.9952 200.2515 0002213 163.4392  10.8123 15.19879609  1797
STARLINK-1367           
1 45539U 20025J   20154.91668981  .00029918  00000-0  33158-3 0  9997
2 45539  52.9700 196.8498 0008612 308.2358 177.8657 15.62697331  1816
STARLINK-1369           
1 45540U 20025K   20154.91668981  .02788816  00000-0  11068+0 0  9992
2 45540  52.9988 200.2252 0001097 306.9165 301.5941 15.21346693  1791
STARLINK-1369           
1 45541U 20025L   20154.91668981  .02020837  00000-0  80635-1 0  9993
2 45541  52.9983 200.1990 0000708 316.9421 278.2536 15.21148346  1761
STARLINK-1371           
1 45542U 20025M   20154.91668981  .02826650  00000-0  10691+0 0  9994
2 45542  52.9982 200.1472 0003228  49.6884 316.4937 15.22952546  1765
STARLINK-1372           
1 45543U 20025N   20154.91668981  .02012033  00000-0  80749-1 0  9990
2 45543  52.9994 200.1901 0000440 278.3518 303.4513 15.20963978  1769
STARLINK-1373           
1 45544U 20025P   20154.91668981  .01378837  00000-0  58056-1 0  9993
2 45544  52.9957 200.2608 0002322 148.0956  12.3359 15.20029831  1769
STARLINK-1374           
1 45545U 20025Q   20154.91668981  .02480904  00000-0  94469-1 0  9992
2 45545  53.0006 200.2372 0002870  29.6579 310.7634 15.22602275  1760
STARLINK-1375           
1 45546U 20025R   20154.91668981  .02309066  00000-0  90327-1 0  9991
2 45546  52.9987 200.2274 0002277   2.0138 286.1723 15.21941553  1764
STARLINK-1377           
1 45547U 20025S   20154.91668981  .02270542  00000-0  88099-1 0  9991
2 45547  52.9978 200.2434 0002709  16.7592 297.6307 15.22280798  1762
STARLINK-1378           
1 45548U 20025T   20154.91668981  .01091828  00000-0  44782-1 0  9990
2 45548  52.9980 200.1838 0001694 203.9827   4.3849 15.21133733  1765
STARLINK-1379           
1 45549U 20025U   20154.91668981  .03183243  00000-0  12735+0 0  9997
2 45549  52.9975 200.2192 0001440 181.5108  13.3607 15.20554329  1798
STARLINK-1390           
1 45550U 20025V   20154.91668981  .03339055  00000-0  13962+0 0  9996
2 45550  52.9953 200.2952 0002741 141.9833   4.6616 15.19485379  1801
STARLINK-1294           
1 45551U 20025W   20154.91668981  .00028727  00000-0  31862-3 0  9998
2 45551  52.9974 196.8001 0008371 338.7658 191.8631 15.62703397  1814
STARLINK-1322           
1 45552U 20025X   20154.91668981  .00029547  00000-0  32774-3 0  9993
2 45552  52.9989 196.7917 0001012  92.0860  81.1197 15.62721776  1815
STARLINK-1323           
1 45553U 20025Y   20154.91668981  .00029036  00000-0  32236-3 0  9990
2 45553  52.9980 196.8175 0001133  96.2474  66.8186 15.62708009  1817
STARLINK-1325           
1 45554U 20025Z   20154.91668981  .00028362  00000-0  31495-3 0  9998
2 45554  52.9972 196.7939 0001086  89.7864  78.2854 15.62715442  1811
STARLINK-1327           
1 45555U 20025AA  20154.91668981  .00029430  00000-0  32650-3 0  9990
2 45555  52.9987 196.8424 0001150  82.7461  64.9932 15.62719249  1814
STARLINK-1334           
1 45556U 20025AB  20154.91668981  .00029668  00000-0  32890-3 0  9990
2 45556  52.9976 196.8100 0001100  85.8706  79.6540 15.62733363  1816
STARLINK-1336           
1 45557U 20025AC  20154.91668981  .00029021  00000-0  32168-3 0  9992
2 45557  52.9970 196.8156 0001096  82.0429  78.4477 15.62749182  1819
STARLINK-1342           
1 45558U 20025AD  20154.91668981  .00030348  00000-0  33642-3 0  9995
2 45558  52.9973 196.8706 0001191  93.2793  39.2038 15.62722253  1816
STARLINK-1344           
1 45559U 20025AE  20154.91668981  .00029805  00000-0  33036-3 0  9999
2 45559  52.9974 196.8124 0000839  84.6595  73.3253 15.62735116  1779
STARLINK-1346           
1 45560U 20025AF  20154.91668981  .00029406  00000-0  32561-3 0  9990
2 45560  52.9989 196.8318 0007943 299.7367 215.5940 15.62737131  1773
STARLINK-1348           
1 45561U 20025AG  20154.91668981  .00030212  00000-0  33544-3 0  9990
2 45561  52.9998 196.8616 0001206  90.5716  46.9631 15.62684774  1773
STARLINK-1354           
1 45562U 20025AH  20154.91668981  .00032469  00000-0  35950-3 0  9990
2 45562  52.9972 196.8353 0000982  77.2271  75.5472 15.62717484  1778
STARLINK-1355           
1 45563U 20025AJ  20154.91668981  .00029950  00000-0  33221-3 0  9991
2 45563  52.9972 196.8450 0001264  98.0955  44.6002 15.62713736  1773
STARLINK-1356           
1 45564U 20025AK  20154.91668981  .00029608  00000-0  32840-3 0  9998
2 45564  52.9997 196.8465 0001415  82.2988  62.8844 15.62721912  1777
STARLINK-1357           
1 45565U 20025AL  20154.91668981  .00030333  00000-0  33595-3 0  9994
2 45565  52.9972 196.8398 0000988  78.2124  72.0734 15.62746412  1770
STARLINK-1358           
1 45566U 20025AM  20154.91668981  .00030254  00000-0  33498-3 0  9999
2 45566  52.9979 196.8524 0000981  65.3806  74.7708 15.62754771  1773
STARLINK-1361           
1 45567U 20025AN  20154.91668981  .00030873  00000-0  34223-3 0  9994
2 45567  52.9988 196.8819 0001059  80.7013  46.7460 15.62714378  1772
STARLINK-1363           
1 45568U 20025AP  20154.91668981  .00030175  00000-0  33422-3 0  9990
2 45568  52.9974 196.8599 0001249  70.6169  64.4385 15.62747228  1777
STARLINK-1366           
1 45569U 20025AQ  20154.91668981  .00030347  00000-0  33618-3 0  9999
2 45569  52.9980 196.8778 0001177  91.8455  33.0074 15.62739691  1814
STARLINK-1376           
1 45570U 20025AR  20154.91668981  .00031450  00000-0  34830-3 0  9994
2 45570  52.9972 196.8766 0000853  92.3217  37.6290 15.62728169  1779
STARLINK-1261           
1 45571U 20025AS  20154.91668981  .00029666  00000-0  32908-3 0  9995
2 45571  52.9984 196.8020 0001158  93.0179  76.3488 15.62717731  1772
STARLINK-1320           
1 45572U 20025AT  20154.91668981  .00027597  00000-0  30642-3 0  9990
2 45572  52.9986 196.7799 0001076  66.5560 107.8299 15.62733806  1776
STARLINK-1321           
1 45573U 20025AU  20154.91668981  .00035061  00000-0  38692-3 0  9999
2 45573  52.9997 196.8577 0001177  89.7234  51.7258 15.62763754  1778
STARLINK-1324           
1 45574U 20025AV  20154.91668981  .00029194  00000-0  32415-3 0  9997
2 45574  52.9996 196.7767 0001468  76.3868  95.4583 15.62701782  1775
STARLINK-1326           
1 45575U 20025AW  20154.91668981  .00028898  00000-0  32098-3 0  9995
2 45575  52.9976 196.7996 0001291  70.6543  93.5808 15.62698347  1815
STARLINK-1328           
1 45576U 20025AX  20154.91668981  .00029275  00000-0  32449-3 0  9996
2 45576  52.9968 196.8331 0001126  86.7038  67.4090 15.62745285  1812
STARLINK-1330           
1 45577U 20025AY  20154.91668981  .00030366  00000-0  33653-3 0  9998
2 45577  52.9974 196.8661 0001283  84.6872  51.6009 15.62729010  1816
STARLINK-1331           
1 45578U 20025AZ  20154.91668981  .00029577  00000-0  32800-3 0  9994
2 45578  52.9979 196.8157 0001238  83.9535  75.2298 15.62726535  1811
STARLINK-1332           
1 45579U 20025BA  20154.91668981  .00029741  00000-0  33006-3 0  9997
2 45579  52.9976 196.8469 0000831  69.4768  69.4710 15.62704750  1819
STARLINK-1333           
1 45580U 20025BB  20154.91668981  .00029334  00000-0  32502-3 0  9997
2 45580  52.9971 196.7948 0001023  74.2884  92.5143 15.62753385  1819
STARLINK-1335           
1 45581U 20025BC  20154.91668981  .00029654  00000-0  32878-3 0  9999
2 45581  52.9986 196.8385 0001142  86.4728  62.5324 15.62730861  1818
STARLINK-1337           
1 45582U 20025BD  20154.91668981  .00030503  00000-0  33785-3 0  9993
2 45582  52.9973 196.8667 0001467  89.9004  43.8508 15.62741711  1815
STARLINK-1340           
1 45583U 20025BE  20154.91668981  .00036484  00000-0  40331-3 0  9993
2 45583  52.9972 196.8475 0000971  90.9370  55.4599 15.62699788  1779
STARLINK-1343           
1 45584U 20025BF  20154.91668981  .00029946  00000-0  33214-3 0  9991
2 45584  52.9996 196.8233 0001050  84.2179  72.4261 15.62716454  1775
STARLINK-1345           
1 45585U 20025BG  20154.91668981  .00030552  00000-0  33828-3 0  9998
2 45585  52.9980 196.8432 0000793  97.7427  46.2562 15.62748958  1775
STARLINK-1347           
1 45586U 20025BH  20154.91668981  .00038480  00000-0  42414-3 0  9998
2 45586  52.9997 196.8372 0000834  88.4576  63.1539 15.62749151  1773
STARLINK-1349           
1 45587U 20025BJ  20154.91668981  .00029727  00000-0  32940-3 0  9996
2 45587  52.9973 196.8137 0001087  98.2524  63.5065 15.62744202  1770
STARLINK-1360           
1 45588U 20025BK  20154.91668981  .00030726  00000-0  34066-3 0  9999
2 45588  52.9985 196.8770 0001033 354.2333 134.5287 15.62711635  1770
STARLINK-1364           
1 45589U 20025BL  20154.91668981  .00030168  00000-0  33444-3 0  9999
2 45589  52.9996 196.8739 0001177  86.0313  45.2004 15.62724393  1810
STARLINK-1365           
1 45590U 20025BM  20154.91668981  .03338914  00000-0  14253+0 0  9997
2 45590  52.9953 199.8941 0003139 150.6851   0.6041 15.18098970  1797
