TDRS 3                  
1 19548U 88091B   20134.42979485 -.00000312  00000-0  00000+0 0  9997
2 19548  14.1949 357.7368 0036721 325.9026  13.8221  1.00276545103047
HST                     
1 20580U 90037B   20134.13829448  .00000352  00000-0  10381-4 0  9990
2 20580  28.4687 193.2413 0002952  72.3907 128.3005 15.09384504450716
TDRS 5                  
1 21639U 91054B   20133.93334652  .00000072  00000-0  00000-0 0  9993
2 21639  14.3060  11.0283 0028822   8.8525  19.5755  1.00274173105397
TDRS 6                  
1 22314U 93003B   20134.43039608 -.00000306  00000-0  00000+0 0  9999
2 22314  14.0309  14.1523 0008822  58.5835 268.0516  1.00274181100059
TDRS 7                  
1 23613U 95035B   20133.61071767 -.00000215  00000-0  00000-0 0  9990
2 23613  14.2048   4.8503 0032822  28.4125 142.2763  1.00271238 90924
ISS (ZARYA)             
1 25544U 98067A   20134.54218028  .00000832  00000-0  22964-4 0  9990
2 25544  51.6441 159.9408 0000907 287.5638 232.4948 15.49368071226640
LANDSAT 7               
1 25682U 99020A   20134.46190615  .00000022  00000-0  14678-4 0  9999
2 25682  98.0838 198.1646 0001259  64.7466 295.3867 14.57177155121148
TERRA                   
1 25994U 99068A   20134.42368507  .00000051  00000-0  21476-4 0  9996
2 25994  98.2128 209.1927 0001412 103.6114 256.5242 14.57112611 85216
TDRS 8                  
1 26388U 00034A   20133.94968424 -.00000245  00000-0  00000-0 0  9991
2 26388   9.1783  47.7905 0019271 322.1132 292.4108  1.00275597 72857
TIMED                   
1 26998U 01055B   20134.10499851  .00000070  00000-0  11602-4 0  9993
2 26998  74.0734   3.5672 0000202 185.1363 174.9816 14.88189250999284
TDRS 9                  
1 27389U 02011A   20133.92758405 -.00000297  00000-0  00000+0 0  9990
2 27389   7.4200  67.7480 0026699 284.9305 150.0053  1.00278184 68110
AQUA                    
1 27424U 02022A   20133.90749052  .00000080  00000-0  27837-4 0  9999
2 27424  98.2072  75.0533 0002833  89.1603 342.4453 14.57121895958690
TDRS 10                 
1 27566U 02055A   20134.46401727  .00000082  00000-0  00000+0 0  9998
2 27566   6.8480  53.7879 0009181 311.9668 221.9159  1.00277843 63905
SORCE                   
1 27651U 03004A   20134.43234882 -.00000021  00000-0  11985-4 0  9994
2 27651  39.9942 165.3290 0022273 134.3743 225.8874 14.89111012939012
AURA                    
1 28376U 04026A   20134.10543328  .00000076  00000-0  26835-4 0  9995
2 28376  98.2066  77.4039 0001600  79.6337 280.5042 14.57113098841813
SWIFT                   
1 28485U 04047A   20133.76876222  .00000733  00000-0  19521-4 0  9996
2 28485  20.5566 274.6913 0011068 326.7605  33.2133 15.04608351848097
THEMIS A                
1 30580U 07004A   20134.36930231 -.00000545  00000-0  00000+0 0  9998
2 30580  14.2024  49.8187 8415134  23.8150 358.5507  0.87838259 46398
THEMIS D                
1 30797U 07004D   20134.38180216 -.00000492  00000-0  44259-1 0  9997
2 30797  12.7324  30.0534 8374290  45.2691 357.2549  0.87905098 45923
THEMIS E                
1 30798U 07004E   20134.42434579 -.00000512  00000-0  00000+0 0  9994
2 30798  11.7212  40.6611 8374923  37.3672 357.7067  0.87844284 46353
AIM                     
1 31304U 07015A   20133.73881079  .00000556  00000-0  34962-4 0  9990
2 31304  97.9116  15.1800 0006445 113.2253 246.9656 15.13556925715280
FGRST (GLAST)           
1 33053U 08029A   20133.78779401  .00000441  00000-0  83864-5 0  9998
2 33053  25.5836 343.2557 0012098 315.7383  44.2184 15.11335500657919
WISE                    
1 36119U 09071A   20134.02585791  .00000541  00000-0  21130-4 0  9995
2 36119  97.3315 170.7581 0003781 127.0912 233.0675 15.30067343578402
TDRS 11                 
1 39070U 13004A   20134.59420052  .00000065  00000-0  00000+0 0  9994
2 39070   3.8836 332.0570 0005871  53.9596 245.3841  1.00277153 26660
TDRS 12                 
1 39504U 14004A   20133.85681788 -.00000286  00000-0  00000+0 0  9996
2 39504   4.7007 338.2334 0001760 109.1917  51.1374  1.00277013 23129
GPM-CORE                
1 39574U 14009C   20133.91744201  .00001876  00000-0  31042-4 0  9995
2 39574  65.0063 272.4693 0011718 287.8181  72.1686 15.56017762352512
MMS 1                   
1 40482U 15011A   20134.06250000 -.00000284  00000-0  00000+0 0  9993
2 40482  27.4139 120.2947 8677158  20.3066  39.5681  0.28623749 11117
MMS 2                   
1 40483U 15011B   20134.06250000 -.00000284  00000-0  00000+0 0  9994
2 40483  27.4115 120.2937 8675019  20.3075  39.5696  0.28623944 11095
MMS 3                   
1 40484U 15011C   20134.06250000 -.00000284  00000-0  00000+0 0  9995
2 40484  27.4032 120.2886 8676714  20.3228  39.5591  0.28635377 11097
MMS 4                   
1 40485U 15011D   20134.06250000 -.00000284  00000-0  00000+0 0  9996
2 40485  27.4115 120.3044 8676162  20.3098  39.5319  0.28623787 11099
TDRS 13                 
1 42915U 17047A   20133.87663293 -.00000116  00000-0  00000-0 0  9992
2 42915   5.6299 330.2206 0017831  92.6540 112.4605  1.00272597 10021
JPSS-1                  
1 43013U 17073A   20133.83144066 -.00000002  00000-0  19875-4 0  9997
2 43013  98.7160  72.3338 0001550  86.5755 273.5598 14.19553504128600
