SOYUZ-MS 16             
1 45476U 20023A   20125.56467843  .00000840  00000-0  23123-4 0  9993
2 45476  51.6442 204.3727 0001138 233.4993 219.8100 15.49346518  3898
AC 10 PROBE (FULLER)    
1 45528U 19022M   20125.71693009  .00045367  00000-0  14620-2 0  9993
2 45528  51.6412 243.8981 0007343 159.5811 200.5465 15.31706109  2071
NOOR                    
1 45529U 20024A   20125.77247395  .00005073  00000-0  11352-3 0  9997
2 45529  59.8103 121.4242 0006417 260.5984 155.8665 15.45114568  1941
QASED R/B               
1 45530U 20024B   20125.51492242  .00001607  00000-0  43166-4 0  9992
2 45530  59.7977 122.5420 0012071 229.0180 130.9862 15.43640215  1902
STARLINK-1329           
1 45531U 20025A   20125.83334491  .05598572  00000-0  40688-1 0  9990
2 45531  53.0060 340.1080 0001387 275.9439 281.9555 15.68953959  2601
STARLINK-1338           
1 45532U 20025B   20125.83334491  .05504915  00000-0  39171-1 0  9994
2 45532  53.0059 340.1157 0001469  91.5122 102.0497 15.68867657  2615
STARLINK-1339           
1 45533U 20025C   20125.91668981  .06333474  00000-0  46080-1 0  9996
2 45533  53.0067 339.7088 0003616 358.4873 301.3177 15.68435635  2612
STARLINK-1341           
1 45534U 20025D   20125.91668981  .06377028  00000-0  46236-1 0  9993
2 45534  53.0070 339.7057 0003462 359.5845 302.3565 15.68490421  2619
STARLINK-1350           
1 45535U 20025E   20125.83334491  .05046661  00000-0  36719-1 0  9991
2 45535  53.0059 340.1339 0000703 205.5367 338.6867 15.68683936  2612
STARLINK-1352           
1 45536U 20025F   20125.83334491  .05205151  00000-0  37735-1 0  9992
2 45536  53.0060 340.1367 0000508 184.8392 358.4444 15.68641763  2619
STARLINK-1353           
1 45537U 20025G   20125.83334491  .05417401  00000-0  38912-1 0  9994
2 45537  53.0062 340.1311 0000181 180.9558   5.5205 15.68693104  2610
STARLINK-1362           
1 45538U 20025H   20125.91668981  .06686468  00000-0  47826-1 0  9994
2 45538  53.0063 339.7000 0003867  12.6055 295.4122 15.68616254  2628
STARLINK-1367           
1 45539U 20025J   20125.91668981  .06863313  00000-0  32220-1 0  9993
2 45539  53.0066 339.1290 0025921  96.8627 124.2136 15.77533674  2629
STARLINK-1368           
1 45540U 20025K   20125.83334491  .04958328  00000-0  36263-1 0  9992
2 45540  53.0066 340.1423 0000997 221.6917 320.2793 15.68631949  2617
STARLINK-1369           
1 45541U 20025L   20125.83334491  .04951076  00000-0  36257-1 0  9999
2 45541  53.0064 340.1438 0000642 159.9340  20.9093 15.68602357  2610
STARLINK-1371           
1 45542U 20025M   20125.91668981  .06506323  00000-0  47019-1 0  9994
2 45542  53.0070 339.7064 0004059  34.7076 267.9235 15.68486662  2619
STARLINK-1372           
1 45543U 20025N   20125.83334491  .05229310  00000-0  38004-1 0  9993
2 45543  53.0061 340.1440 0001361 234.5856 305.8512 15.68569838  2610
STARLINK-1373           
1 45544U 20025P   20125.91668981  .06615503  00000-0  47472-1 0  9990
2 45544  53.0068 339.6959 0004454  41.5637 265.3449 15.68588640  2616
STARLINK-1374           
1 45545U 20025Q   20125.91668981  .06734358  00000-0  48461-1 0  9990
2 45545  53.0059 339.7120 0003929  18.1361 282.7691 15.68434258  2626
STARLINK-1375           
1 45546U 20025R   20125.91668981  .06607251  00000-0  47923-1 0  9994
2 45546  53.0067 339.7166 0003595  13.3446 283.1522 15.68323786  2627
STARLINK-1377           
1 45547U 20025S   20125.83334491  .05054506  00000-0  36636-1 0  9999
2 45547  53.0058 340.1272 0001197 252.0366 295.5781 15.68776457  2611
STARLINK-1378           
1 45548U 20025T   20125.91668981  .06890331  00000-0  49927-1 0  9995
2 45548  53.0066 339.7285 0003607   8.1584 282.2769 15.68153834  2627
STARLINK-1379           
1 45549U 20025U   20125.83334491  .04032883  00000-0  29715-1 0  9994
2 45549  53.0065 340.1492 0001629 246.3934 291.5419 15.68629379  2616
STARLINK-1390           
1 45550U 20025V   20125.83334491  .05337092  00000-0  38113-1 0  9999
2 45550  53.0061 340.1157 0001562  90.1197 104.5366 15.68916396  2605
STARLINK-1294           
1 45551U 20025W   20125.83334491  .02549581  00000-0  13093-1 0  9995
2 45551  53.0053 339.5679 0021946  97.0125   2.3889 15.76932689  2600
STARLINK-1322           
1 45552U 20025X   20125.91668981  .05614704  00000-0  29079-1 0  9993
2 45552  53.0069 339.1359 0015617  93.6958 120.8264 15.76337492  2629
STARLINK-1323           
1 45553U 20025Y   20125.83334491  .02654445  00000-0  13647-1 0  9998
2 45553  53.0065 339.5759 0021391  96.0257 358.8472 15.76780189  2606
STARLINK-1325           
1 45554U 20025Z   20125.83334491  .02283859  00000-0  11932-1 0  9991
2 45554  53.0067 339.5720 0021037  95.9652   1.8149 15.76916241  2607
STARLINK-1327           
1 45555U 20025AA  20125.83334491  .02253488  00000-0  11991-1 0  9992
2 45555  53.0065 339.5952 0021369  94.3879 351.1747 15.76532752  2601
STARLINK-1334           
1 45556U 20025AB  20125.91668981  .05755977  00000-0  29861-1 0  9994
2 45556  53.0071 339.1536 0016244  93.1856 116.7924 15.76191411  2628
STARLINK-1336           
1 45557U 20025AC  20125.91668981  .06393126  00000-0  32740-1 0  9990
2 45557  53.0074 339.1597 0015794  94.5967 112.1618 15.76045999  2625
STARLINK-1342           
1 45558U 20025AD  20125.83334491  .02295847  00000-0  12338-1 0  9996
2 45558  53.0065 339.6148 0021348  93.4538 342.7571 15.76250423  2604
STARLINK-1344           
1 45559U 20025AE  20125.91668981  .06134314  00000-0  31727-1 0  9998
2 45559  53.0074 339.1641 0015577  95.7266 109.4273 15.76002079  2629
STARLINK-1346           
1 45560U 20025AF  20125.91668981  .06096654  00000-0  31608-1 0  9992
2 45560  53.0074 339.1667 0015037  94.8881 108.9323 15.75978731  2629
STARLINK-1348           
1 45561U 20025AG  20125.83334491  .02705434  00000-0  14524-1 0  9997
2 45561  53.0067 339.6087 0021226  93.9568 345.3998 15.76271928  2600
STARLINK-1354           
1 45562U 20025AH  20125.83334491  .02647840  00000-0  13736-1 0  9998
2 45562  53.0052 339.5896 0021430  95.0581 353.7540 15.76583161  2608
STARLINK-1355           
1 45563U 20025AJ  20125.83334491  .02256660  00000-0  12052-1 0  9995
2 45563  53.0066 339.6034 0021896  93.5383 348.7835 15.76432538  2600
STARLINK-1356           
1 45564U 20025AK  20125.91668981  .05994110  00000-0  31433-1 0  9995
2 45564  53.0072 339.1782 0014218  96.5550 100.9724 15.75795424  2624
STARLINK-1357           
1 45565U 20025AL  20125.83334491  .02619335  00000-0  13943-1 0  9999
2 45565  53.0060 339.5924 0022345  94.6088 352.5335 15.76536905  2608
STARLINK-1358           
1 45566U 20025AM  20125.91668981  .05008816  00000-0  26301-1 0  9994
2 45566  53.0074 339.1863 0016606  95.9459  98.0043 15.75811647  2629
STARLINK-1361           
1 45567U 20025AN  20125.83334491  .02696906  00000-0  14594-1 0  9993
2 45567  53.0063 339.6210 0021768  93.9261 339.1562 15.76087126  2604
STARLINK-1363           
1 45568U 20025AP  20125.83334491  .02268611  00000-0  12182-1 0  9993
2 45568  53.0063 339.6109 0022009  94.0172 343.7039 15.76289571  2602
STARLINK-1366           
1 45569U 20025AQ  20125.91668981  .04799533  00000-0  25719-1 0  9991
2 45569  53.0071 339.2042 0016015  97.7825  86.8759 15.75524514  2623
STARLINK-1376           
1 45570U 20025AR  20125.91668981  .05202878  00000-0  28225-1 0  9990
2 45570  53.0063 339.2018 0014363  94.2749  93.6695 15.75577072  2622
STARLINK-1261           
1 45571U 20025AS  20125.83334491  .02235076  00000-0  11671-1 0  9998
2 45571  53.0055 339.5689 0022000  95.2561   3.1585 15.76970471  2604
STARLINK-1320           
1 45572U 20025AT  20125.83334491  .02615306  00000-0  13345-1 0  9997
2 45572  53.0065 339.5632 0021677  95.9752   5.2930 15.76996875  2605
STARLINK-1321           
1 45573U 20025AU  20125.83334491  .02297895  00000-0  12267-1 0  9999
2 45573  53.0065 339.6032 0020508  95.1146 346.6036 15.76418470  2601
STARLINK-1324           
1 45574U 20025AV  20125.83334491  .02628115  00000-0  13435-1 0  9991
2 45574  53.0059 339.5667 0022271  96.3843   3.3256 15.76924670  2609
STARLINK-1326           
1 45575U 20025AW  20125.83334491  .02534000  00000-0  13091-1 0  9999
2 45575  53.0067 339.5758 0022402  95.4063 359.9569 15.76806882  2601
STARLINK-1328           
1 45576U 20025AX  20125.83334491  .02279567  00000-0  12055-1 0  9993
2 45576  53.0064 339.5868 0020653  95.0851 354.4069 15.76654719  2603
STARLINK-1330           
1 45577U 20025AY  20125.83334491  .02640883  00000-0  14220-1 0  9993
2 45577  53.0060 339.6078 0021133  93.4695 344.9845 15.76279494  2605
STARLINK-1331           
1 45578U 20025AZ  20125.91668981  .06117366  00000-0  31590-1 0  9995
2 45578  53.0072 339.1601 0014911  95.4876 110.4118 15.76056667  2621
STARLINK-1332           
1 45579U 20025BA  20125.83334491  .03842293  00000-0  19450-1 0  9995
2 45579  53.0054 339.7239 0026481  88.1190 294.5693 15.76843700  2600
STARLINK-1333           
1 45580U 20025BB  20125.83334491  .02235154  00000-0  11715-1 0  9994
2 45580  53.0067 339.5723 0021692  95.7189   1.2449 15.76893292  2606
STARLINK-1335           
1 45581U 20025BC  20125.91668981  .05363477  00000-0  28515-1 0  9997
2 45581  53.0071 339.1725 0015683  95.3860 104.3366 15.75912760  2621
STARLINK-1337           
1 45582U 20025BD  20125.91668981  .05183175  00000-0  27221-1 0  9996
2 45582  53.0072 339.1923 0015606  96.6257  93.6783 15.75674044  2625
STARLINK-1340           
1 45583U 20025BE  20125.83334491  .02639155  00000-0  14080-1 0  9994
2 45583  53.0066 339.5982 0022104  94.4449 350.2033 15.76469317  2602
STARLINK-1343           
1 45584U 20025BF  20125.83334491  .02653280  00000-0  13717-1 0  9996
2 45584  53.0065 339.5849 0021041  94.4934 356.3401 15.76662658  2601
STARLINK-1345           
1 45585U 20025BG  20125.83334491  .02634194  00000-0  14116-1 0  9994
2 45585  53.0067 339.6012 0021267  94.8320 348.2756 15.76393727  2601
STARLINK-1347           
1 45586U 20025BH  20125.83334491  .02660855  00000-0  13807-1 0  9994
2 45586  53.0066 339.5909 0021187  94.9505 352.9494 15.76565327  2600
STARLINK-1349           
1 45587U 20025BJ  20125.91668981  .05580373  00000-0  29196-1 0  9995
2 45587  53.0069 339.1585 0015432  93.3954 114.1232 15.76130676  2622
STARLINK-1360           
1 45588U 20025BK  20125.91668981  .04992486  00000-0  26475-1 0  9994
2 45588  53.0070 339.1979 0016720 100.1449  86.9714 15.75595966  2626
STARLINK-1364           
1 45589U 20025BL  20125.83334491  .02714301  00000-0  14642-1 0  9991
2 45589  53.0063 339.6147 0020997  93.5055 341.9915 15.76156765  2606
STARLINK-1365           
1 45590U 20025BM  20125.91668981  .04969549  00000-0  26469-1 0  9994
2 45590  53.0069 339.2008 0015054  97.6696  87.7949 15.75532725  2627
FALCON 9 DEB            
1 45591U 20025BN  20125.75004596  .00571721  11454-4  52355-3 0  9994
2 45591  53.0067 339.1804 0087669  96.3191 264.7833 16.03847104  1918
FALCON 9 DEB            
1 45592U 20025BP  20125.74508092  .00540025  11469-4  49016-3 0  9993
2 45592  53.0057 339.1437 0084031  97.7357 263.3225 16.04537163  1911
FALCON 9 DEB            
1 45593U 20025BQ  20125.67472724  .00479095  11500-4  41381-3 0  9999
2 45593  53.0057 339.4072 0080620  94.0675 266.9577 16.05729872  1902
FALCON 9 DEB            
1 45594U 20025BR  20125.73824729  .00344332  11494-4  30299-3 0  9996
2 45594  53.0059 339.0919 0080999  94.2160 266.8133 16.05464766  1917
PROGRESS-MS 14          
1 45595U 20026A   20125.56467843  .00000840  00000-0  23123-4 0  9998
2 45595  51.6442 204.3727 0001138 233.4993 219.8100 15.49346518  1472
G-SAT                   
1 45597U 98067RK  20123.49895774  .00004824  00000-0  91945-4 0  9991
2 45597  51.6438 214.5758 0004614 248.6471 207.2016 15.50160417   736
QUETZAL-1               
1 45598U 98067RL  20123.49846198  .00008475  00000-0  15720-3 0  9990
2 45598  51.6450 214.5908 0002193 263.8257 183.8606 15.49834326   660
