DMSP 5D-2 F14 (USA 131) 
1 24753U 97012A   20129.52417170 -.00000010  00000-0  18039-4 0  9998
2 24753  99.0238 145.7337 0008056 325.0925  34.9719 14.15888218192819
NOAA 15                 
1 25338U 98030A   20129.22817902  .00000074  00000-0  49533-4 0  9995
2 25338  98.7203 154.4771 0010787  26.2839 333.8886 14.25963250143244
DMSP 5D-3 F15 (USA 147) 
1 25991U 99067A   20129.20315972 -.00000101  00000-0 -27843-4 0  9992
2 25991  98.9665 100.2704 0009173 210.7224 334.5551 14.16487567 54726
METEOSAT-8 (MSG-1)      
1 27509U 02040B   20129.15910240  .00000128  00000-0  00000+0 0  9995
2 27509   6.6573  54.2674 0001829 356.2320 274.5955  1.00274974 64888
DMSP 5D-3 F16 (USA 172) 
1 28054U 03048A   20129.24507157 -.00000097  00000-0 -27886-4 0  9992
2 28054  98.9095 108.4478 0007300 345.8200  76.3096 14.13660044854103
NOAA 18                 
1 28654U 05018A   20129.21208641  .00000088  00000-0  72087-4 0  9991
2 28654  99.0472 185.2577 0013823 348.9336  11.1530 14.12508523771238
METEOSAT-9 (MSG-2)      
1 28912U 05049B   20129.14170194  .00000008  00000-0  00000+0 0  9998
2 28912   4.3421  70.2806 0001860 358.7982 211.6777  1.00268570 52702
HIMAWARI-7 (MTSAT-2)    
1 28937U 06004A   20129.17005362 -.00000252  00000-0  00000-0 0  9997
2 28937   0.0414  69.0035 0001590   7.5018 356.2329  1.00270790 52114
FORMOSAT-3 FM6          
1 29047U 06011A   20129.35754012 -.00000144  00000-0 -40441-4 0  9999
2 29047  71.9774 191.8282 0049121 132.4210 228.1098 14.28726457735618
FORMOSAT-3 FM1          
1 29048U 06011B   20129.09541194  .00000017  00000-0  23030-4 0  9998
2 29048  71.9652 103.3214 0041852  89.4986 271.0945 14.28695467738045
FORMOSAT-3 FM5          
1 29049U 06011C   20129.09864772  .00000024  00000-0  25776-4 0  9996
2 29049  72.0199 274.7285 0033735 117.7797 242.6766 14.28778282733835
FORMOSAT-3 FM3          
1 29050U 06011D   20129.16677613  .00000135  00000-0  38683-4 0  9996
2 29050  72.0167  64.8068 0048661  36.3249 324.1189 14.58906053750455
FORMOSAT-3 FM4          
1 29051U 06011E   20129.16949443  .00000044  00000-0  32924-4 0  9991
2 29051  72.0045 176.7235 0068505 352.9719   7.0450 14.28807269736434
FORMOSAT-3 FM2          
1 29052U 06011F   20129.03216778  .00000042  00000-0  32683-4 0  9996
2 29052  72.0347 251.0820 0038712  75.6283 284.9146 14.28911684733925
GOES 13                 
1 29155U 06018A   20129.15604979  .00000030  00000-0  00000-0 0  9995
2 29155   0.2352 268.4486 0004201 288.3586 146.9664  1.00272359 20996
METOP-A                 
1 29499U 06044A   20129.24823102  .00000008  00000-0  22785-4 0  9999
2 29499  98.5263 177.4077 0001492  75.3356   4.7788 14.21497006702991
DMSP 5D-3 F17 (USA 191) 
1 29522U 06050A   20129.22316290 -.00000043  00000-0  64546-6 0  9999
2 29522  98.8037 146.2249 0008727 295.2491  64.7777 14.14022830697028
FENGYUN 3A              
1 32958U 08026A   20128.93836880 -.00000003  00000-0  18477-4 0  9996
2 32958  98.4045 116.7779 0009927  93.8983 266.3328 14.18624968618974
FENGYUN 2E              
1 33463U 08066A   20128.87118336 -.00000211  00000-0  00000-0 0  9994
2 33463   4.2579  68.6141 0003407 295.6335 262.0273  1.00277408 41715
NOAA 19                 
1 33591U 09005A   20129.21312589  .00000045  00000-0  49871-4 0  9992
2 33591  99.1964 133.5134 0013884 184.5290 175.5757 14.12406746579456
GOES 14                 
1 35491U 09033A   20129.24836368 -.00000103  00000-0  00000-0 0  9996
2 35491   0.2270  98.1260 0007800 124.1344 349.5089  1.00270807 39752
METEOR-M 1              
1 35865U 09049A   20128.99543181  .00000004  00000-0  20422-4 0  9990
2 35865  98.4369 117.7607 0001633 340.0054  20.1060 14.22236456552169
DMSP 5D-3 F18 (USA 210) 
1 35951U 09057A   20129.25176846  .00000086  00000-0  68498-4 0  9990
2 35951  98.6437 120.4973 0012122 120.0215 240.2163 14.13263517318000
GOES 15                 
1 36411U 10008A   20129.23206594  .00000046  00000-0  00000-0 0  9999
2 36411   0.2104 274.6457 0002641 148.0924 119.0256  1.00269894 37306
COMS 1                  
1 36744U 10032A   20129.38202581 -.00000354  00000-0  00000+0 0  9995
2 36744   0.0084  86.7225 0001328 328.9694  76.6597  1.00271235 36283
FENGYUN 3B              
1 37214U 10059A   20129.49410579  .00000025  00000-0  35830-4 0  9995
2 37214  99.0437 110.6193 0017513  23.4860 336.7108 14.15947343492028
SUOMI NPP               
1 37849U 11061A   20129.24093219  .00000006  00000-0  23708-4 0  9994
2 37849  98.7345  67.7074 0001294  69.8712  66.9204 14.19550834441926
FENGYUN 2F              
1 38049U 12002A   20128.80743750 -.00000367  00000-0  00000-0 0  9993
2 38049   1.9692  83.3712 0002663  61.8569 123.9297  1.00274414 30514
METEOSAT-10 (MSG-3)     
1 38552U 12035B   20129.22661302  .00000050  00000-0  00000-0 0  9995
2 38552   0.9960   9.9750 0000901  40.1772 267.0777  1.00272506 28515
METOP-B                 
1 38771U 12049A   20129.23202655  .00000008  00000-0  23833-4 0  9992
2 38771  98.6948 189.1449 0002202 109.8359 339.3750 14.21491978396317
FENGYUN 3C              
1 39260U 13052A   20129.41547018 -.00000009  00000-0  16828-4 0  9994
2 39260  98.5542 181.3827 0010467 336.8928  23.1775 14.15837423342958
METEOR-M 2              
1 40069U 14037A   20129.39876351 -.00000028  00000-0  63033-5 0  9991
2 40069  98.5067 168.4407 0006613  46.5361 313.6364 14.20672218302528
HIMAWARI-8              
1 40267U 14060A   20129.38446841 -.00000287  00000-0  00000+0 0  9999
2 40267   0.0125 274.1587 0000909 147.7200  83.8258  1.00265062 20493
FENGYUN 2G              
1 40367U 14090A   20129.22984786 -.00000307  00000-0  00000+0 0  9994
2 40367   1.9878  95.1146 0003118 345.8538 327.5884  1.00263735 19666
METEOSAT-11 (MSG-4)     
1 40732U 15034A   20129.21288646 -.00000011  00000-0  00000-0 0  9993
2 40732   0.4624 212.6285 0001016 261.4418 189.0016  1.00277179 17674
ELEKTRO-L 2             
1 41105U 15074A   20129.15627035 -.00000106  00000-0  00000-0 0  9999
2 41105   1.1044  97.7357 0000683 345.3775 275.6528  1.00269377 16144
HIMAWARI-9              
1 41836U 16064A   20129.16918126 -.00000285  00000-0  00000-0 0  9993
2 41836   0.0068 113.9343 0000397 292.5735  21.6199  1.00270757 12813
GOES 16                 
1 41866U 16071A   20129.26603403 -.00000258  00000-0  00000-0 0  9994
2 41866   0.0124 284.2013 0001309 159.8551 163.0726  1.00272246 12744
FENGYUN 4A              
1 41882U 16077A   20129.52088831 -.00000340  00000-0  00000+0 0  9990
2 41882   0.1467 287.7921 0005630 213.7361  17.4924  1.00268285 12615
CYGFM05                 
1 41884U 16078A   20128.88026737  .00000316  00000-0  18464-4 0  9998
2 41884  34.9569 311.9842 0015212  40.5477 319.6365 15.14609138187950
CYGFM04                 
1 41885U 16078B   20128.86427417  .00000333  00000-0  19089-4 0  9990
2 41885  34.9500 305.4988 0013481  50.2817 309.9081 15.15119065188018
CYGFM02                 
1 41886U 16078C   20128.92300283  .00000321  00000-0  18480-4 0  9990
2 41886  34.9592 306.8370 0014264  46.9896 313.2008 15.15120074188018
CYGFM01                 
1 41887U 16078D   20128.90981104  .00000317  00000-0  18632-4 0  9990
2 41887  34.9536 312.8747 0015648  41.7526 318.4377 15.14422147187944
CYGFM08                 
1 41888U 16078E   20128.91274041  .00000308  00000-0  17958-4 0  9997
2 41888  34.9506 308.8100 0014751  48.3947 311.8026 15.14836699187976
CYGFM06                 
1 41889U 16078F   20128.90174144  .00000313  00000-0  18060-4 0  9991
2 41889  34.9586 305.6584 0013228  46.4503 313.7305 15.15113608188017
CYGFM07                 
1 41890U 16078G   20128.88013833  .00000328  00000-0  18868-4 0  9999
2 41890  34.9524 304.9044 0012936  49.5049 310.6787 15.15112903188015
CYGFM03                 
1 41891U 16078H   20128.87542158  .00000332  00000-0  19054-4 0  9999
2 41891  34.9556 305.1677 0012440  48.0875 312.0896 15.15108618188012
FENGYUN 3D              
1 43010U 17072A   20129.54941333 -.00000017  00000-0  12583-4 0  9993
2 43010  98.7483  69.3395 0001377 147.4377 212.6876 14.19741564128538
NOAA 20                 
1 43013U 17073A   20129.17947106 -.00000020  00000-0  10982-4 0  9995
2 43013  98.7157  67.7553 0001541  89.9505 270.1848 14.19553113127946
GOES 17                 
1 43226U 18022A   20129.44245222  .00000087  00000-0  00000+0 0  9993
2 43226   0.0146 269.0479 0000794 156.8189 182.9446  1.00272729  8063
FENGYUN 2H              
1 43491U 18050A   20128.90170439 -.00000139  00000-0  00000-0 0  9995
2 43491   0.7545 275.6485 0002511 218.4352 135.9844  1.00274706  7137
METOP-C                 
1 43689U 18087A   20129.25169396  .00000009  00000-0  24039-4 0  9990
2 43689  98.7011 189.4233 0003343 100.0787 260.0767 14.21489205 77888
GEO-KOMPSAT-2A          
1 43823U 18100A   20129.01993716 -.00000352  00000-0  00000+0 0  9990
2 43823   0.0441  88.6327 0002563   3.9308 269.1719  1.00283945  5297
IOD-1 GEMS              
1 44385U 98067QK  20129.19376221  .00012809  00000-0  16691-3 0  9995
2 44385  51.6389 174.8592 0001454 151.3997 208.7076 15.59107584 48213
METEOR-M2 2             
1 44387U 19038A   20129.37729074 -.00000048  00000-0 -21796-5 0  9994
2 44387  98.6165  90.2225 0001695  34.5856 325.5432 14.23678613 43838
