APRIZESAT 2             
1 28366U 04025A   20134.47381013 -.00000011  00000-0  10086-4 0  9995
2 28366  98.2690  26.9239 0108813 111.9020 249.3778 14.36702771831973
SAUDICOMSAT 1           
1 28369U 04025D   20134.44304484  .00000041  00000-0  21172-4 0  9992
2 28369  98.3360  85.4244 0033694   2.6828 357.4542 14.52548924840845
SAUDICOMSAT 2           
1 28370U 04025E   20133.80496937  .00000051  00000-0  25977-4 0  9996
2 28370  98.4297  81.6739 0058130 162.8923 197.4247 14.47480650837880
APRIZESAT 1             
1 28372U 04025G   20134.43697569  .00000013  00000-0  15112-4 0  9990
2 28372  98.3895  83.5026 0047630  86.5494 274.1146 14.49625606839318
NANOSAT-1               
1 28493U 04049B   20134.30727571  .00000057  00000-0  16618-4 0  9993
2 28493  98.1175 224.0081 0003909 200.9107 159.1941 14.73573359827189
SAUDICOMSAT 7           
1 31119U 07012C   20133.85584148  .00000042  00000-0  17962-4 0  9992
2 31119  98.0940  80.4826 0059429 330.9058  28.8836 14.61783353696852
SAUDICOMSAT 6           
1 31121U 07012E   20133.77088707  .00000042  00000-0  18680-4 0  9994
2 31121  98.1470  75.1779 0077779  56.9687 303.8954 14.58582479695323
SAUDICOMSAT 5           
1 31124U 07012H   20133.85787037  .00000041  00000-0  17133-4 0  9999
2 31124  98.0588  83.0983 0050286 285.4270  74.1381 14.63485753697609
SAUDICOMSAT 3           
1 31125U 07012J   20133.82087536  .00000060  00000-0  19952-4 0  9996
2 31125  98.0208  85.7960 0042025 239.9868 119.7162 14.65243775698457
SAUDICOMSAT 4           
1 31127U 07012L   20134.45216923  .00000046  00000-0  19208-4 0  9990
2 31127  98.1213  78.8981 0068339   9.8752 350.3773 14.60297239696283
APRIZESAT 4             
1 35684U 09041D   20133.86282367  .00000029  00000-0  11653-4 0  9992
2 35684  98.2722 111.6099 0045870 287.7974  71.8234 14.79271158581872
APRIZESAT 3             
1 35686U 09041F   20133.67641526  .00000051  00000-0  12100-4 0  9992
2 35686  98.1857 189.5207 0073317 163.9060 196.4509 14.87383820584810
AISSAT 1                
1 36797U 10035C   20133.85581974  .00000135  00000-0  21881-4 0  9990
2 36797  98.1678 281.7088 0012154 135.1191 225.1008 14.86302709532706
S-NET D                 
1 43186U 18014G   20133.75023419  .00000431  00000-0  42674-4 0  9991
2 43186  97.6958  42.1645 0010632 352.3334   7.7723 14.96793639124353
S-NET B                 
1 43187U 18014H   20134.41856416  .00000491  00000-0  47956-4 0  9991
2 43187  97.6957  42.8015 0010557 350.1719   9.9295 14.96794201124455
S-NET A                 
1 43188U 18014J   20134.28472676  .00000473  00000-0  46337-4 0  9991
2 43188  97.6960  42.6982 0010570 350.6439   9.4584 14.96793802124430
S-NET C                 
1 43189U 18014K   20134.41883609  .00000503  00000-0  48968-4 0  9995
2 43189  97.6956  42.7974 0010549 350.1992   9.9022 14.96793483123002
